0.0394834 0.0394834 0.0394848 0.0394858 0.0394863 0.0394863 0.0394864 0.0394858 0.0394853 0.0394848 0.0394843 0.0394838 0.0394833 0.0394827 0.0394829 0.0394828 0.0394833 0.0394843 0.0394857 0.0394857 
0.0394824 0.0394824 0.0394839 0.0394848 0.0394853 0.0394853 0.039486 0.0394856 0.0394851 0.0394846 0.0394841 0.0394837 0.0394832 0.0394827 0.0394835 0.0394835 0.039484 0.0394849 0.0394864 0.0394864 
0.0394815 0.0394815 0.0394829 0.0394838 0.0394843 0.0394843 0.0394857 0.0394853 0.0394849 0.0394844 0.039484 0.0394836 0.0394832 0.0394827 0.0394842 0.0394842 0.0394847 0.0394856 0.039487 0.039487 
0.0394806 0.0394806 0.039482 0.0394828 0.0394833 0.0394833 0.0394854 0.039485 0.0394847 0.0394843 0.0394839 0.0394835 0.0394831 0.0394827 0.0394848 0.0394849 0.0394853 0.0394862 0.0394876 0.0394876 
0.0394797 0.0394797 0.039481 0.0394819 0.0394823 0.0394824 0.0394852 0.0394848 0.0394845 0.0394841 0.0394838 0.0394834 0.0394831 0.0394827 0.0394855 0.0394855 0.039486 0.0394869 0.0394882 0.0394882 
0.0394788 0.0394788 0.0394802 0.039481 0.0394814 0.0394815 0.0394849 0.0394846 0.0394843 0.039484 0.0394837 0.0394833 0.039483 0.0394827 0.0394861 0.0394862 0.0394867 0.0394875 0.0394889 0.0394889 
0.039478 0.039478 0.0394793 0.0394801 0.0394805 0.0394806 0.0394847 0.0394844 0.0394841 0.0394838 0.0394836 0.0394833 0.039483 0.0394827 0.0394868 0.0394869 0.0394874 0.0394882 0.0394895 0.0394895 
0.0394772 0.0394772 0.0394784 0.0394792 0.0394796 0.0394797 0.0394844 0.0394842 0.039484 0.0394837 0.0394835 0.0394832 0.039483 0.0394827 0.0394875 0.0394876 0.039488 0.0394888 0.0394901 0.0394901 
0.0394764 0.0394764 0.0394776 0.0394783 0.0394788 0.0394789 0.0394842 0.039484 0.0394838 0.0394836 0.0394834 0.0394832 0.0394829 0.0394827 0.0394881 0.0394883 0.0394887 0.0394895 0.0394907 0.0394908 
0.0394756 0.0394756 0.0394768 0.0394775 0.0394779 0.039478 0.0394841 0.0394839 0.0394837 0.0394835 0.0394833 0.0394831 0.0394829 0.0394827 0.0394888 0.0394889 0.0394894 0.0394901 0.0394914 0.0394914 
0.0394748 0.0394748 0.039476 0.0394767 0.0394771 0.0394772 0.0394839 0.0394837 0.0394836 0.0394834 0.0394832 0.0394831 0.0394829 0.0394828 0.0394894 0.0394896 0.03949 0.0394908 0.039492 0.039492 
0.039474 0.039474 0.0394752 0.0394759 0.0394763 0.0394764 0.0394837 0.0394836 0.0394834 0.0394833 0.0394832 0.039483 0.0394829 0.0394828 0.0394901 0.0394903 0.0394907 0.0394914 0.0394926 0.0394926 
0.0394733 0.0394733 0.0394744 0.0394751 0.0394755 0.0394756 0.0394836 0.0394835 0.0394833 0.0394832 0.0394831 0.039483 0.0394829 0.0394828 0.0394908 0.0394909 0.0394914 0.0394921 0.0394932 0.0394933 
0.0394725 0.0394725 0.0394736 0.0394743 0.0394747 0.0394748 0.0394834 0.0394833 0.0394832 0.0394832 0.0394831 0.039483 0.0394829 0.0394828 0.0394914 0.0394916 0.039492 0.0394927 0.0394939 0.0394939 
0.0394718 0.0394718 0.0394729 0.0394735 0.0394739 0.039474 0.0394833 0.0394832 0.0394832 0.0394831 0.039483 0.0394829 0.0394829 0.0394828 0.0394921 0.0394923 0.0394927 0.0394934 0.0394945 0.0394945 
0.0394711 0.0394711 0.0394721 0.0394727 0.0394731 0.0394733 0.0394832 0.0394831 0.0394831 0.039483 0.039483 0.0394829 0.0394829 0.0394828 0.0394927 0.039493 0.0394934 0.039494 0.0394951 0.0394951 
0.0394704 0.0394704 0.0394714 0.039472 0.0394724 0.0394725 0.0394831 0.039483 0.039483 0.039483 0.0394829 0.0394829 0.0394829 0.0394828 0.0394934 0.0394936 0.039494 0.0394947 0.0394957 0.0394958 
0.0394697 0.0394697 0.0394707 0.0394713 0.0394716 0.0394718 0.039483 0.039483 0.0394829 0.0394829 0.0394829 0.0394829 0.0394829 0.0394829 0.0394941 0.0394943 0.0394947 0.0394953 0.0394964 0.0394964 
0.039469 0.039469 0.03947 0.0394705 0.0394709 0.0394711 0.0394829 0.0394829 0.0394829 0.0394829 0.0394829 0.0394829 0.0394829 0.0394829 0.0394947 0.039495 0.0394954 0.0394959 0.039497 0.039497 
0.0394683 0.0394683 0.0394693 0.0394698 0.0394702 0.0394704 0.0394828 0.0394828 0.0394828 0.0394828 0.0394829 0.0394829 0.0394829 0.0394829 0.0394954 0.0394956 0.039496 0.0394966 0.0394976 0.0394977 
0.0394676 0.0394676 0.0394686 0.0394691 0.0394695 0.0394696 0.0394827 0.0394828 0.0394828 0.0394828 0.0394828 0.0394829 0.0394829 0.0394829 0.0394961 0.0394963 0.0394967 0.0394972 0.0394982 0.0394983 
0.0394669 0.0394669 0.0394679 0.0394684 0.0394687 0.0394689 0.0394827 0.0394827 0.0394827 0.0394828 0.0394828 0.0394829 0.0394829 0.0394829 0.0394967 0.039497 0.0394974 0.0394979 0.0394989 0.0394989 
0.0394663 0.0394663 0.0394672 0.0394677 0.039468 0.0394682 0.0394826 0.0394827 0.0394827 0.0394828 0.0394828 0.0394829 0.0394829 0.039483 0.0394974 0.0394976 0.039498 0.0394985 0.0394995 0.0394995 
0.0394656 0.0394656 0.0394665 0.039467 0.0394674 0.0394675 0.0394825 0.0394826 0.0394827 0.0394827 0.0394828 0.0394829 0.0394829 0.039483 0.039498 0.0394983 0.0394987 0.0394992 0.0395001 0.0395002 
0.039465 0.039465 0.0394659 0.0394663 0.0394667 0.0394669 0.0394825 0.0394826 0.0394827 0.0394827 0.0394828 0.0394829 0.0394829 0.039483 0.0394987 0.0394989 0.0394993 0.0394998 0.0395007 0.0395008 
0.0394643 0.0394643 0.0394652 0.0394657 0.039466 0.0394662 0.0394825 0.0394825 0.0394826 0.0394827 0.0394828 0.0394829 0.0394829 0.039483 0.0394993 0.0394996 0.0395 0.0395005 0.0395014 0.0395014 
0.0394637 0.0394637 0.0394646 0.039465 0.0394653 0.0394655 0.0394824 0.0394825 0.0394826 0.0394827 0.0394828 0.0394829 0.039483 0.0394831 0.0395 0.0395003 0.0395006 0.0395011 0.039502 0.039502 
0.0394631 0.0394631 0.0394639 0.0394643 0.0394646 0.0394648 0.0394824 0.0394825 0.0394826 0.0394827 0.0394828 0.0394829 0.039483 0.0394831 0.0395007 0.0395009 0.0395013 0.0395017 0.0395026 0.0395027 
0.0394624 0.0394624 0.0394633 0.0394637 0.039464 0.0394642 0.0394824 0.0394825 0.0394826 0.0394827 0.0394828 0.0394829 0.039483 0.0394831 0.0395013 0.0395016 0.039502 0.0395024 0.0395033 0.0395033 
0.0394618 0.0394618 0.0394626 0.039463 0.0394633 0.0394635 0.0394823 0.0394825 0.0394826 0.0394827 0.0394828 0.0394829 0.039483 0.0394831 0.039502 0.0395022 0.0395026 0.039503 0.0395039 0.0395039 
0.0394612 0.0394612 0.039462 0.0394624 0.0394627 0.0394629 0.0394823 0.0394824 0.0394826 0.0394827 0.0394828 0.0394829 0.039483 0.0394831 0.0395026 0.0395029 0.0395033 0.0395037 0.0395045 0.0395045 
0.0394606 0.0394606 0.0394614 0.0394617 0.039462 0.0394622 0.0394823 0.0394824 0.0394826 0.0394827 0.0394828 0.0394829 0.039483 0.0394832 0.0395033 0.0395036 0.0395039 0.0395043 0.0395051 0.0395052 
0.03946 0.03946 0.0394607 0.0394611 0.0394614 0.0394616 0.0394823 0.0394824 0.0394826 0.0394827 0.0394828 0.0394829 0.0394831 0.0394832 0.0395039 0.0395042 0.0395046 0.0395049 0.0395058 0.0395058 
0.0394594 0.0394594 0.0394601 0.0394605 0.0394607 0.0394609 0.0394823 0.0394824 0.0394826 0.0394827 0.0394828 0.0394829 0.0394831 0.0394832 0.0395046 0.0395049 0.0395052 0.0395056 0.0395064 0.0395064 
0.0394588 0.0394588 0.0394595 0.0394598 0.0394601 0.0394603 0.0394823 0.0394824 0.0394826 0.0394827 0.0394828 0.039483 0.0394831 0.0394832 0.0395053 0.0395055 0.0395059 0.0395062 0.039507 0.0395071 
0.0394581 0.0394581 0.0394589 0.0394592 0.0394595 0.0394597 0.0394823 0.0394824 0.0394826 0.0394827 0.0394828 0.039483 0.0394831 0.0394833 0.0395059 0.0395062 0.0395065 0.0395069 0.0395076 0.0395077 
0.0394575 0.0394575 0.0394583 0.0394586 0.0394588 0.039459 0.0394823 0.0394824 0.0394826 0.0394827 0.0394828 0.039483 0.0394831 0.0394833 0.0395066 0.0395068 0.0395072 0.0395075 0.0395083 0.0395083 
0.0394569 0.0394569 0.0394577 0.0394579 0.0394582 0.0394584 0.0394823 0.0394824 0.0394826 0.0394827 0.0394829 0.039483 0.0394831 0.0394833 0.0395072 0.0395075 0.0395078 0.0395081 0.0395089 0.0395089 
0.0394563 0.0394563 0.039457 0.0394573 0.0394576 0.0394578 0.0394823 0.0394824 0.0394826 0.0394827 0.0394829 0.039483 0.0394832 0.0394833 0.0395079 0.0395081 0.0395085 0.0395088 0.0395095 0.0395096 
0.0394557 0.0394557 0.0394564 0.0394567 0.039457 0.0394572 0.0394823 0.0394824 0.0394826 0.0394827 0.0394829 0.039483 0.0394832 0.0394834 0.0395085 0.0395088 0.0395091 0.0395094 0.0395101 0.0395102 
0.0394552 0.0394552 0.0394558 0.0394561 0.0394563 0.0394565 0.0394823 0.0394824 0.0394826 0.0394828 0.0394829 0.0394831 0.0394832 0.0394834 0.0395092 0.0395095 0.0395098 0.0395101 0.0395108 0.0395108 
0.0394546 0.0394546 0.0394552 0.0394555 0.0394557 0.0394559 0.0394823 0.0394825 0.0394826 0.0394828 0.0394829 0.0394831 0.0394832 0.0394834 0.0395098 0.0395101 0.0395104 0.0395107 0.0395114 0.0395115 
0.039454 0.039454 0.0394546 0.0394549 0.0394551 0.0394553 0.0394823 0.0394825 0.0394826 0.0394828 0.0394829 0.0394831 0.0394833 0.0394834 0.0395105 0.0395108 0.0395111 0.0395113 0.039512 0.0395121 
0.0394534 0.0394534 0.039454 0.0394542 0.0394545 0.0394547 0.0394823 0.0394825 0.0394826 0.0394828 0.039483 0.0394831 0.0394833 0.0394835 0.0395111 0.0395114 0.0395117 0.039512 0.0395127 0.0395127 
0.0394528 0.0394528 0.0394534 0.0394536 0.0394539 0.0394541 0.0394823 0.0394825 0.0394827 0.0394828 0.039483 0.0394831 0.0394833 0.0394835 0.0395118 0.0395121 0.0395124 0.0395126 0.0395133 0.0395133 
0.0394522 0.0394522 0.0394528 0.039453 0.0394533 0.0394535 0.0394823 0.0394825 0.0394827 0.0394828 0.039483 0.0394832 0.0394833 0.0394835 0.0395124 0.0395127 0.039513 0.0395133 0.0395139 0.039514 
0.0394516 0.0394516 0.0394522 0.0394524 0.0394527 0.0394529 0.0394823 0.0394825 0.0394827 0.0394829 0.039483 0.0394832 0.0394833 0.0394835 0.0395131 0.0395134 0.0395137 0.0395139 0.0395145 0.0395146 
0.039451 0.039451 0.0394516 0.0394518 0.0394521 0.0394523 0.0394824 0.0394826 0.0394827 0.0394829 0.039483 0.0394832 0.0394834 0.0394835 0.0395137 0.039514 0.0395143 0.0395145 0.0395152 0.0395152 
0.0394504 0.0394504 0.039451 0.0394512 0.0394514 0.0394516 0.0394824 0.0394826 0.0394827 0.0394829 0.0394831 0.0394832 0.0394834 0.0394836 0.0395144 0.0395147 0.0395149 0.0395152 0.0395158 0.0395158 
0.0394499 0.0394499 0.0394504 0.0394506 0.0394508 0.039451 0.0394824 0.0394826 0.0394827 0.0394829 0.0394831 0.0394832 0.0394834 0.0394836 0.039515 0.0395153 0.0395156 0.0395158 0.0395164 0.0395165 
0.0394493 0.0394493 0.0394498 0.03945 0.0394502 0.0394504 0.0394824 0.0394826 0.0394828 0.0394829 0.0394831 0.0394833 0.0394834 0.0394836 0.0395157 0.039516 0.0395162 0.0395164 0.0395171 0.0395171 
0.0394487 0.0394487 0.0394492 0.0394494 0.0394496 0.0394498 0.0394824 0.0394826 0.0394828 0.039483 0.0394831 0.0394833 0.0394834 0.0394836 0.0395163 0.0395166 0.0395169 0.0395171 0.0395177 0.0395177 
0.0394481 0.0394481 0.0394486 0.0394488 0.039449 0.0394492 0.0394824 0.0394826 0.0394828 0.039483 0.0394831 0.0394833 0.0394835 0.0394837 0.039517 0.0395172 0.0395175 0.0395177 0.0395183 0.0395184 
0.0394475 0.0394475 0.0394481 0.0394482 0.0394484 0.0394486 0.0394825 0.0394827 0.0394828 0.039483 0.0394832 0.0394833 0.0394835 0.0394837 0.0395176 0.0395179 0.0395182 0.0395184 0.0395189 0.039519 
0.0394469 0.0394469 0.0394475 0.0394476 0.0394478 0.039448 0.0394825 0.0394827 0.0394829 0.039483 0.0394832 0.0394833 0.0394835 0.0394837 0.0395183 0.0395185 0.0395188 0.039519 0.0395196 0.0395196 
0.0394463 0.0394463 0.0394469 0.039447 0.0394472 0.0394474 0.0394825 0.0394827 0.0394829 0.039483 0.0394832 0.0394834 0.0394835 0.0394837 0.0395189 0.0395192 0.0395195 0.0395196 0.0395202 0.0395202 
0.0394458 0.0394458 0.0394463 0.0394464 0.0394466 0.0394468 0.0394825 0.0394827 0.0394829 0.0394831 0.0394832 0.0394834 0.0394835 0.0394837 0.0395196 0.0395198 0.0395201 0.0395203 0.0395208 0.0395209 
0.0394452 0.0394452 0.0394457 0.0394458 0.039446 0.0394462 0.0394826 0.0394828 0.0394829 0.0394831 0.0394832 0.0394834 0.0394836 0.0394838 0.0395202 0.0395205 0.0395207 0.0395209 0.0395214 0.0395215 
0.0394446 0.0394446 0.0394451 0.0394452 0.0394454 0.0394456 0.0394826 0.0394828 0.0394829 0.0394831 0.0394833 0.0394834 0.0394836 0.0394838 0.0395209 0.0395211 0.0395214 0.0395215 0.0395221 0.0395221 
0.039444 0.039444 0.0394445 0.0394446 0.0394448 0.039445 0.0394826 0.0394828 0.039483 0.0394831 0.0394833 0.0394834 0.0394836 0.0394838 0.0395215 0.0395218 0.039522 0.0395222 0.0395227 0.0395228 
0.0394434 0.0394434 0.0394439 0.039444 0.0394442 0.0394444 0.0394826 0.0394828 0.039483 0.0394831 0.0394833 0.0394835 0.0394836 0.0394838 0.0395222 0.0395224 0.0395227 0.0395228 0.0395233 0.0395234 
0.0394428 0.0394428 0.0394433 0.0394434 0.0394436 0.0394438 0.0394826 0.0394829 0.039483 0.0394832 0.0394833 0.0394835 0.0394836 0.0394838 0.0395228 0.0395231 0.0395233 0.0395234 0.039524 0.039524 
0.0394423 0.0394423 0.0394427 0.0394428 0.039443 0.0394432 0.0394827 0.0394829 0.039483 0.0394832 0.0394833 0.0394835 0.0394837 0.0394838 0.0395234 0.0395237 0.0395239 0.0395241 0.0395246 0.0395246 
0.0394417 0.0394417 0.0394421 0.0394422 0.0394424 0.0394426 0.0394827 0.0394829 0.0394831 0.0394832 0.0394834 0.0394835 0.0394837 0.0394839 0.0395241 0.0395243 0.0395246 0.0395247 0.0395252 0.0395253 
0.0394411 0.0394411 0.0394415 0.0394416 0.0394418 0.039442 0.0394827 0.0394829 0.0394831 0.0394832 0.0394834 0.0394835 0.0394837 0.0394839 0.0395247 0.039525 0.0395252 0.0395254 0.0395258 0.0395259 
0.0394405 0.0394405 0.039441 0.0394411 0.0394412 0.0394414 0.0394827 0.0394829 0.0394831 0.0394832 0.0394834 0.0394836 0.0394837 0.0394839 0.0395254 0.0395256 0.0395259 0.039526 0.0395265 0.0395265 
0.0394399 0.0394399 0.0394404 0.0394405 0.0394406 0.0394408 0.0394828 0.039483 0.0394831 0.0394833 0.0394834 0.0394836 0.0394837 0.0394839 0.039526 0.0395263 0.0395265 0.0395266 0.0395271 0.0395271 
0.0394393 0.0394393 0.0394398 0.0394399 0.03944 0.0394402 0.0394828 0.039483 0.0394831 0.0394833 0.0394834 0.0394836 0.0394837 0.0394839 0.0395267 0.0395269 0.0395271 0.0395273 0.0395277 0.0395278 
0.0394388 0.0394388 0.0394392 0.0394393 0.0394394 0.0394396 0.0394828 0.039483 0.0394832 0.0394833 0.0394835 0.0394836 0.0394838 0.0394839 0.0395273 0.0395275 0.0395278 0.0395279 0.0395284 0.0395284 
0.0394382 0.0394382 0.0394386 0.0394387 0.0394388 0.039439 0.0394828 0.039483 0.0394832 0.0394833 0.0394835 0.0394836 0.0394838 0.039484 0.0395279 0.0395282 0.0395284 0.0395285 0.039529 0.039529 
0.0394376 0.0394376 0.039438 0.0394381 0.0394382 0.0394384 0.0394829 0.0394831 0.0394832 0.0394834 0.0394835 0.0394836 0.0394838 0.039484 0.0395286 0.0395288 0.0395291 0.0395292 0.0395296 0.0395297 
0.039437 0.039437 0.0394374 0.0394375 0.0394376 0.0394378 0.0394829 0.0394831 0.0394832 0.0394834 0.0394835 0.0394837 0.0394838 0.039484 0.0395292 0.0395295 0.0395297 0.0395298 0.0395302 0.0395303 
0.0394364 0.0394364 0.0394368 0.0394369 0.039437 0.0394372 0.0394829 0.0394831 0.0394832 0.0394834 0.0394835 0.0394837 0.0394838 0.039484 0.0395299 0.0395301 0.0395303 0.0395304 0.0395309 0.0395309 
0.0394358 0.0394358 0.0394362 0.0394363 0.0394364 0.0394366 0.0394829 0.0394831 0.0394833 0.0394834 0.0394836 0.0394837 0.0394838 0.039484 0.0395305 0.0395308 0.039531 0.0395311 0.0395315 0.0395315 
0.0394352 0.0394352 0.0394356 0.0394357 0.0394358 0.039436 0.039483 0.0394832 0.0394833 0.0394834 0.0394836 0.0394837 0.0394839 0.039484 0.0395312 0.0395314 0.0395316 0.0395317 0.0395321 0.0395322 
0.0394346 0.0394346 0.039435 0.0394351 0.0394352 0.0394354 0.039483 0.0394832 0.0394833 0.0394835 0.0394836 0.0394837 0.0394839 0.0394841 0.0395318 0.039532 0.0395323 0.0395323 0.0395328 0.0395328 
0.0394341 0.0394341 0.0394344 0.0394345 0.0394346 0.0394348 0.039483 0.0394832 0.0394833 0.0394835 0.0394836 0.0394838 0.0394839 0.0394841 0.0395324 0.0395327 0.0395329 0.039533 0.0395334 0.0395334 
0.0394335 0.0394335 0.0394338 0.0394339 0.039434 0.0394342 0.039483 0.0394832 0.0394834 0.0394835 0.0394836 0.0394838 0.0394839 0.0394841 0.0395331 0.0395333 0.0395335 0.0395336 0.039534 0.0395341 
0.0394329 0.0394329 0.0394333 0.0394333 0.0394334 0.0394336 0.039483 0.0394832 0.0394834 0.0394835 0.0394836 0.0394838 0.0394839 0.0394841 0.0395337 0.039534 0.0395342 0.0395342 0.0395346 0.0395347 
0.0394323 0.0394323 0.0394327 0.0394327 0.0394328 0.039433 0.0394831 0.0394833 0.0394834 0.0394835 0.0394837 0.0394838 0.0394839 0.0394841 0.0395344 0.0395346 0.0395348 0.0395349 0.0395353 0.0395353 
0.0394317 0.0394317 0.0394321 0.0394321 0.0394322 0.0394324 0.0394831 0.0394833 0.0394834 0.0394835 0.0394837 0.0394838 0.0394839 0.0394841 0.039535 0.0395352 0.0395354 0.0395355 0.0395359 0.0395359 
0.0394311 0.0394311 0.0394315 0.0394315 0.0394316 0.0394318 0.0394831 0.0394833 0.0394834 0.0394836 0.0394837 0.0394838 0.039484 0.0394841 0.0395356 0.0395359 0.0395361 0.0395361 0.0395365 0.0395366 
0.0394305 0.0394305 0.0394309 0.0394309 0.039431 0.0394312 0.0394831 0.0394833 0.0394835 0.0394836 0.0394837 0.0394838 0.039484 0.0394842 0.0395363 0.0395365 0.0395367 0.0395368 0.0395372 0.0395372 
0.0394299 0.0394299 0.0394303 0.0394303 0.0394304 0.0394306 0.0394832 0.0394833 0.0394835 0.0394836 0.0394837 0.0394839 0.039484 0.0394842 0.0395369 0.0395371 0.0395373 0.0395374 0.0395378 0.0395378 
0.0394293 0.0394293 0.0394297 0.0394297 0.0394298 0.03943 0.0394832 0.0394834 0.0394835 0.0394836 0.0394837 0.0394839 0.039484 0.0394842 0.0395376 0.0395378 0.039538 0.039538 0.0395384 0.0395385 
0.0394287 0.0394287 0.0394291 0.0394291 0.0394292 0.0394294 0.0394832 0.0394834 0.0394835 0.0394836 0.0394838 0.0394839 0.039484 0.0394842 0.0395382 0.0395384 0.0395386 0.0395387 0.039539 0.0395391 
0.0394282 0.0394282 0.0394285 0.0394285 0.0394286 0.0394288 0.0394832 0.0394834 0.0394835 0.0394837 0.0394838 0.0394839 0.039484 0.0394842 0.0395388 0.0395391 0.0395393 0.0395393 0.0395397 0.0395397 
0.0394276 0.0394276 0.0394279 0.0394279 0.039428 0.0394282 0.0394832 0.0394834 0.0394835 0.0394837 0.0394838 0.0394839 0.039484 0.0394842 0.0395395 0.0395397 0.0395399 0.0395399 0.0395403 0.0395403 
0.039427 0.039427 0.0394273 0.0394273 0.0394274 0.0394276 0.0394833 0.0394834 0.0394836 0.0394837 0.0394838 0.0394839 0.0394841 0.0394842 0.0395401 0.0395403 0.0395405 0.0395406 0.0395409 0.039541 
0.0394264 0.0394264 0.0394267 0.0394267 0.0394268 0.039427 0.0394833 0.0394835 0.0394836 0.0394837 0.0394838 0.039484 0.0394841 0.0394842 0.0395407 0.039541 0.0395412 0.0395412 0.0395416 0.0395416 
0.0394258 0.0394258 0.0394261 0.0394261 0.0394262 0.0394264 0.0394833 0.0394835 0.0394836 0.0394837 0.0394838 0.039484 0.0394841 0.0394843 0.0395414 0.0395416 0.0395418 0.0395418 0.0395422 0.0395422 
0.0394252 0.0394252 0.0394255 0.0394255 0.0394256 0.0394258 0.0394833 0.0394835 0.0394836 0.0394837 0.0394839 0.039484 0.0394841 0.0394843 0.039542 0.0395422 0.0395424 0.0395425 0.0395428 0.0395429 
0.0394246 0.0394246 0.0394249 0.0394249 0.039425 0.0394252 0.0394833 0.0394835 0.0394836 0.0394838 0.0394839 0.039484 0.0394841 0.0394843 0.0395427 0.0395429 0.0395431 0.0395431 0.0395434 0.0395435 
0.039424 0.039424 0.0394243 0.0394243 0.0394244 0.0394246 0.0394834 0.0394835 0.0394837 0.0394838 0.0394839 0.039484 0.0394841 0.0394843 0.0395433 0.0395435 0.0395437 0.0395437 0.0395441 0.0395441 
0.0394234 0.0394234 0.0394237 0.0394237 0.0394238 0.039424 0.0394834 0.0394836 0.0394837 0.0394838 0.0394839 0.039484 0.0394841 0.0394843 0.0395439 0.0395442 0.0395443 0.0395444 0.0395447 0.0395447 
0.0394228 0.0394228 0.0394231 0.0394231 0.0394232 0.0394234 0.0394834 0.0394836 0.0394837 0.0394838 0.0394839 0.039484 0.0394841 0.0394843 0.0395446 0.0395448 0.039545 0.039545 0.0395453 0.0395454 
0.0394222 0.0394222 0.0394225 0.0394225 0.0394226 0.0394228 0.0394834 0.0394836 0.0394837 0.0394838 0.0394839 0.039484 0.0394841 0.0394843 0.0395452 0.0395454 0.0395456 0.0395456 0.039546 0.039546 
0.0394216 0.0394216 0.0394219 0.0394219 0.039422 0.0394222 0.0394834 0.0394836 0.0394837 0.0394838 0.0394839 0.0394841 0.0394842 0.0394843 0.0395458 0.0395461 0.0395462 0.0395463 0.0395466 0.0395466 
0.039421 0.039421 0.0394213 0.0394213 0.0394214 0.0394216 0.0394834 0.0394836 0.0394837 0.0394838 0.039484 0.0394841 0.0394842 0.0394843 0.0395465 0.0395467 0.0395469 0.0395469 0.0395472 0.0395473 
0.0394204 0.0394204 0.0394207 0.0394207 0.0394208 0.039421 0.0394835 0.0394836 0.0394837 0.0394839 0.039484 0.0394841 0.0394842 0.0394844 0.0395471 0.0395473 0.0395475 0.0395475 0.0395479 0.0395479 
0.0394198 0.0394198 0.0394201 0.0394201 0.0394202 0.0394203 0.0394835 0.0394837 0.0394838 0.0394839 0.039484 0.0394841 0.0394842 0.0394844 0.0395478 0.039548 0.0395481 0.0395482 0.0395485 0.0395485 
0.0394192 0.0394192 0.0394195 0.0394195 0.0394196 0.0394197 0.0394835 0.0394837 0.0394838 0.0394839 0.039484 0.0394841 0.0394842 0.0394844 0.0395484 0.0395486 0.0395488 0.0395488 0.0395491 0.0395492 
0.0394186 0.0394186 0.0394189 0.0394189 0.039419 0.0394191 0.0394835 0.0394837 0.0394838 0.0394839 0.039484 0.0394841 0.0394842 0.0394844 0.039549 0.0395492 0.0395494 0.0395494 0.0395497 0.0395498 
0.039418 0.039418 0.0394183 0.0394183 0.0394184 0.0394185 0.0394835 0.0394837 0.0394838 0.0394839 0.039484 0.0394841 0.0394842 0.0394844 0.0395497 0.0395499 0.03955 0.0395501 0.0395504 0.0395504 
0.0394174 0.0394174 0.0394177 0.0394177 0.0394178 0.0394179 0.0394835 0.0394837 0.0394838 0.0394839 0.039484 0.0394841 0.0394842 0.0394844 0.0395503 0.0395505 0.0395507 0.0395507 0.039551 0.039551 
0.0394168 0.0394168 0.0394171 0.0394171 0.0394172 0.0394173 0.0394836 0.0394837 0.0394838 0.0394839 0.039484 0.0394841 0.0394842 0.0394844 0.0395509 0.0395511 0.0395513 0.0395513 0.0395516 0.0395517 
0.0394162 0.0394162 0.0394165 0.0394165 0.0394166 0.0394167 0.0394836 0.0394838 0.0394838 0.039484 0.0394841 0.0394842 0.0394842 0.0394844 0.0395516 0.0395518 0.0395519 0.039552 0.0395523 0.0395523 
0.0394156 0.0394156 0.0394159 0.0394159 0.039416 0.0394161 0.0394836 0.0394838 0.0394839 0.039484 0.0394841 0.0394842 0.0394843 0.0394844 0.0395522 0.0395524 0.0395526 0.0395526 0.0395529 0.0395529 
0.039415 0.039415 0.0394153 0.0394153 0.0394154 0.0394155 0.0394836 0.0394838 0.0394839 0.039484 0.0394841 0.0394842 0.0394843 0.0394844 0.0395528 0.0395531 0.0395532 0.0395532 0.0395535 0.0395536 
0.0394144 0.0394144 0.0394147 0.0394147 0.0394148 0.0394149 0.0394836 0.0394838 0.0394839 0.039484 0.0394841 0.0394842 0.0394843 0.0394845 0.0395535 0.0395537 0.0395539 0.0395539 0.0395541 0.0395542 
0.0394138 0.0394138 0.0394141 0.039414 0.0394141 0.0394143 0.0394836 0.0394838 0.0394839 0.039484 0.0394841 0.0394842 0.0394843 0.0394845 0.0395541 0.0395543 0.0395545 0.0395545 0.0395548 0.0395548 
0.0394132 0.0394132 0.0394135 0.0394134 0.0394135 0.0394137 0.0394836 0.0394838 0.0394839 0.039484 0.0394841 0.0394842 0.0394843 0.0394845 0.0395547 0.039555 0.0395551 0.0395551 0.0395554 0.0395554 
0.0394126 0.0394126 0.0394128 0.0394128 0.0394129 0.0394131 0.0394837 0.0394838 0.0394839 0.039484 0.0394841 0.0394842 0.0394843 0.0394845 0.0395554 0.0395556 0.0395558 0.0395558 0.039556 0.0395561 
0.039412 0.039412 0.0394122 0.0394122 0.0394123 0.0394125 0.0394837 0.0394839 0.0394839 0.039484 0.0394841 0.0394842 0.0394843 0.0394845 0.039556 0.0395562 0.0395564 0.0395564 0.0395567 0.0395567 
0.0394114 0.0394114 0.0394116 0.0394116 0.0394117 0.0394119 0.0394837 0.0394839 0.039484 0.039484 0.0394841 0.0394842 0.0394843 0.0394845 0.0395567 0.0395569 0.039557 0.039557 0.0395573 0.0395573 
0.0394108 0.0394108 0.039411 0.039411 0.0394111 0.0394112 0.0394837 0.0394839 0.039484 0.0394841 0.0394842 0.0394842 0.0394843 0.0394845 0.0395573 0.0395575 0.0395577 0.0395577 0.0395579 0.039558 
0.0394102 0.0394102 0.0394104 0.0394104 0.0394105 0.0394106 0.0394837 0.0394839 0.039484 0.0394841 0.0394842 0.0394843 0.0394843 0.0394845 0.0395579 0.0395581 0.0395583 0.0395583 0.0395586 0.0395586 
0.0394096 0.0394096 0.0394098 0.0394098 0.0394099 0.03941 0.0394837 0.0394839 0.039484 0.0394841 0.0394842 0.0394843 0.0394843 0.0394845 0.0395586 0.0395588 0.0395589 0.0395589 0.0395592 0.0395592 
0.039409 0.039409 0.0394092 0.0394092 0.0394093 0.0394094 0.0394837 0.0394839 0.039484 0.0394841 0.0394842 0.0394843 0.0394844 0.0394845 0.0395592 0.0395594 0.0395596 0.0395596 0.0395598 0.0395598 
0.0394084 0.0394084 0.0394086 0.0394086 0.0394087 0.0394088 0.0394837 0.0394839 0.039484 0.0394841 0.0394842 0.0394843 0.0394844 0.0394845 0.0395598 0.03956 0.0395602 0.0395602 0.0395604 0.0395605 
0.0394078 0.0394078 0.039408 0.039408 0.0394081 0.0394082 0.0394838 0.0394839 0.039484 0.0394841 0.0394842 0.0394843 0.0394844 0.0394845 0.0395605 0.0395607 0.0395608 0.0395608 0.0395611 0.0395611 
0.0394072 0.0394072 0.0394074 0.0394074 0.0394075 0.0394076 0.0394838 0.039484 0.039484 0.0394841 0.0394842 0.0394843 0.0394844 0.0394845 0.0395611 0.0395613 0.0395614 0.0395615 0.0395617 0.0395617 
0.0394066 0.0394066 0.0394068 0.0394068 0.0394068 0.039407 0.0394838 0.039484 0.039484 0.0394841 0.0394842 0.0394843 0.0394844 0.0394846 0.0395617 0.0395619 0.0395621 0.0395621 0.0395623 0.0395624 
0.039406 0.039406 0.0394062 0.0394061 0.0394062 0.0394064 0.0394838 0.039484 0.0394841 0.0394841 0.0394842 0.0394843 0.0394844 0.0394846 0.0395624 0.0395626 0.0395627 0.0395627 0.039563 0.039563 
0.0394054 0.0394054 0.0394056 0.0394055 0.0394056 0.0394058 0.0394838 0.039484 0.0394841 0.0394842 0.0394842 0.0394843 0.0394844 0.0394846 0.039563 0.0395632 0.0395633 0.0395634 0.0395636 0.0395636 
0.0394047 0.0394047 0.039405 0.0394049 0.039405 0.0394052 0.0394838 0.039484 0.0394841 0.0394842 0.0394842 0.0394843 0.0394844 0.0394846 0.0395636 0.0395638 0.039564 0.039564 0.0395642 0.0395643 
0.0394041 0.0394041 0.0394043 0.0394043 0.0394044 0.0394045 0.0394838 0.039484 0.0394841 0.0394842 0.0394843 0.0394843 0.0394844 0.0394846 0.0395643 0.0395645 0.0395646 0.0395646 0.0395648 0.0395649 
0.0394035 0.0394035 0.0394037 0.0394037 0.0394038 0.0394039 0.0394838 0.039484 0.0394841 0.0394842 0.0394843 0.0394843 0.0394844 0.0394846 0.0395649 0.0395651 0.0395652 0.0395653 0.0395655 0.0395655 
0.0394029 0.0394029 0.0394031 0.0394031 0.0394032 0.0394033 0.0394838 0.039484 0.0394841 0.0394842 0.0394843 0.0394844 0.0394844 0.0394846 0.0395655 0.0395657 0.0395659 0.0395659 0.0395661 0.0395661 
0.0394023 0.0394023 0.0394025 0.0394025 0.0394026 0.0394027 0.0394839 0.0394841 0.0394841 0.0394842 0.0394843 0.0394844 0.0394844 0.0394846 0.0395662 0.0395664 0.0395665 0.0395665 0.0395667 0.0395668 
0.0394017 0.0394017 0.0394019 0.0394019 0.039402 0.0394021 0.0394839 0.0394841 0.0394841 0.0394842 0.0394843 0.0394844 0.0394844 0.0394846 0.0395668 0.039567 0.0395671 0.0395671 0.0395674 0.0395674 
0.0394011 0.0394011 0.0394013 0.0394013 0.0394014 0.0394015 0.0394839 0.0394841 0.0394841 0.0394842 0.0394843 0.0394844 0.0394844 0.0394846 0.0395674 0.0395676 0.0395678 0.0395678 0.039568 0.039568 
0.0394005 0.0394005 0.0394007 0.0394007 0.0394007 0.0394009 0.0394839 0.0394841 0.0394841 0.0394842 0.0394843 0.0394844 0.0394844 0.0394846 0.0395681 0.0395683 0.0395684 0.0395684 0.0395686 0.0395687 
0.0393999 0.0393999 0.0394001 0.0394 0.0394001 0.0394003 0.0394839 0.0394841 0.0394842 0.0394842 0.0394843 0.0394844 0.0394845 0.0394846 0.0395687 0.0395689 0.039569 0.039569 0.0395693 0.0395693 
0.0393993 0.0393993 0.0393995 0.0393994 0.0393995 0.0393997 0.0394839 0.0394841 0.0394842 0.0394842 0.0394843 0.0394844 0.0394845 0.0394846 0.0395693 0.0395695 0.0395697 0.0395697 0.0395699 0.0395699 
0.0393987 0.0393987 0.0393989 0.0393988 0.0393989 0.039399 0.0394839 0.0394841 0.0394842 0.0394843 0.0394843 0.0394844 0.0394845 0.0394846 0.03957 0.0395702 0.0395703 0.0395703 0.0395705 0.0395706 
0.0393981 0.0393981 0.0393982 0.0393982 0.0393983 0.0393984 0.0394839 0.0394841 0.0394842 0.0394843 0.0394843 0.0394844 0.0394845 0.0394846 0.0395706 0.0395708 0.0395709 0.0395709 0.0395711 0.0395712 
0.0393975 0.0393975 0.0393976 0.0393976 0.0393977 0.0393978 0.0394839 0.0394841 0.0394842 0.0394843 0.0394843 0.0394844 0.0394845 0.0394847 0.0395712 0.0395714 0.0395716 0.0395716 0.0395718 0.0395718 
0.0393968 0.0393968 0.039397 0.039397 0.0393971 0.0393972 0.0394839 0.0394841 0.0394842 0.0394843 0.0394843 0.0394844 0.0394845 0.0394847 0.0395719 0.0395721 0.0395722 0.0395722 0.0395724 0.0395724 
0.0393962 0.0393962 0.0393964 0.0393964 0.0393965 0.0393966 0.039484 0.0394841 0.0394842 0.0394843 0.0394844 0.0394844 0.0394845 0.0394847 0.0395725 0.0395727 0.0395728 0.0395728 0.039573 0.0395731 
0.0393956 0.0393956 0.0393958 0.0393958 0.0393958 0.039396 0.039484 0.0394842 0.0394842 0.0394843 0.0394844 0.0394844 0.0394845 0.0394847 0.0395731 0.0395733 0.0395735 0.0395735 0.0395737 0.0395737 
0.039395 0.039395 0.0393952 0.0393952 0.0393952 0.0393954 0.039484 0.0394842 0.0394842 0.0394843 0.0394844 0.0394844 0.0394845 0.0394847 0.0395738 0.039574 0.0395741 0.0395741 0.0395743 0.0395743 
0.0393944 0.0393944 0.0393946 0.0393945 0.0393946 0.0393948 0.039484 0.0394842 0.0394842 0.0394843 0.0394844 0.0394844 0.0394845 0.0394847 0.0395744 0.0395746 0.0395747 0.0395747 0.0395749 0.039575 
0.0393938 0.0393938 0.039394 0.0393939 0.039394 0.0393941 0.039484 0.0394842 0.0394842 0.0394843 0.0394844 0.0394844 0.0394845 0.0394847 0.039575 0.0395752 0.0395754 0.0395754 0.0395756 0.0395756 
0.0393932 0.0393932 0.0393934 0.0393933 0.0393934 0.0393935 0.039484 0.0394842 0.0394842 0.0394843 0.0394844 0.0394845 0.0394845 0.0394847 0.0395757 0.0395759 0.039576 0.039576 0.0395762 0.0395762 
0.0393926 0.0393926 0.0393927 0.0393927 0.0393928 0.0393929 0.039484 0.0394842 0.0394843 0.0394843 0.0394844 0.0394845 0.0394845 0.0394847 0.0395763 0.0395765 0.0395766 0.0395766 0.0395768 0.0395769 
0.039392 0.039392 0.0393921 0.0393921 0.0393922 0.0393923 0.039484 0.0394842 0.0394843 0.0394843 0.0394844 0.0394845 0.0394845 0.0394847 0.0395769 0.0395771 0.0395773 0.0395773 0.0395774 0.0395775 
0.0393913 0.0393913 0.0393915 0.0393915 0.0393916 0.0393917 0.039484 0.0394842 0.0394843 0.0394843 0.0394844 0.0394845 0.0394845 0.0394847 0.0395776 0.0395778 0.0395779 0.0395779 0.0395781 0.0395781 
0.0393907 0.0393907 0.0393909 0.0393909 0.0393909 0.0393911 0.039484 0.0394842 0.0394843 0.0394843 0.0394844 0.0394845 0.0394845 0.0394847 0.0395782 0.0395784 0.0395785 0.0395785 0.0395787 0.0395787 
0.0393901 0.0393901 0.0393903 0.0393902 0.0393903 0.0393905 0.039484 0.0394842 0.0394843 0.0394844 0.0394844 0.0394845 0.0394845 0.0394847 0.0395788 0.039579 0.0395792 0.0395792 0.0395793 0.0395794 
0.0393895 0.0393895 0.0393897 0.0393896 0.0393897 0.0393899 0.039484 0.0394842 0.0394843 0.0394844 0.0394844 0.0394845 0.0394845 0.0394847 0.0395794 0.0395797 0.0395798 0.0395798 0.03958 0.03958 
0.0393889 0.0393889 0.0393891 0.039389 0.0393891 0.0393892 0.039484 0.0394842 0.0394843 0.0394844 0.0394844 0.0394845 0.0394845 0.0394847 0.0395801 0.0395803 0.0395804 0.0395804 0.0395806 0.0395806 
0.0393883 0.0393883 0.0393884 0.0393884 0.0393885 0.0393886 0.0394841 0.0394843 0.0394843 0.0394844 0.0394844 0.0394845 0.0394846 0.0394847 0.0395807 0.0395809 0.0395811 0.0395811 0.0395812 0.0395813 
0.0393877 0.0393877 0.0393878 0.0393878 0.0393879 0.039388 0.0394841 0.0394843 0.0394843 0.0394844 0.0394844 0.0394845 0.0394846 0.0394847 0.0395813 0.0395816 0.0395817 0.0395817 0.0395819 0.0395819 
0.0393871 0.0393871 0.0393872 0.0393872 0.0393873 0.0393874 0.0394841 0.0394843 0.0394843 0.0394844 0.0394844 0.0394845 0.0394846 0.0394848 0.039582 0.0395822 0.0395823 0.0395823 0.0395825 0.0395825 
0.0393865 0.0393865 0.0393866 0.0393866 0.0393866 0.0393868 0.0394841 0.0394843 0.0394843 0.0394844 0.0394844 0.0394845 0.0394846 0.0394848 0.0395826 0.0395828 0.039583 0.039583 0.0395831 0.0395832 
0.0393858 0.0393858 0.039386 0.039386 0.039386 0.0393862 0.0394841 0.0394843 0.0394843 0.0394844 0.0394845 0.0394845 0.0394846 0.0394848 0.0395832 0.0395835 0.0395836 0.0395836 0.0395838 0.0395838 
0.0393852 0.0393852 0.0393854 0.0393853 0.0393854 0.0393856 0.0394841 0.0394843 0.0394843 0.0394844 0.0394845 0.0394845 0.0394846 0.0394848 0.0395839 0.0395841 0.0395842 0.0395842 0.0395844 0.0395844 
0.0393846 0.0393846 0.0393848 0.0393847 0.0393848 0.0393849 0.0394841 0.0394843 0.0394843 0.0394844 0.0394845 0.0394845 0.0394846 0.0394848 0.0395845 0.0395847 0.0395849 0.0395848 0.039585 0.039585 
0.039384 0.039384 0.0393841 0.0393841 0.0393842 0.0393843 0.0394841 0.0394843 0.0394844 0.0394844 0.0394845 0.0394845 0.0394846 0.0394848 0.0395851 0.0395854 0.0395855 0.0395855 0.0395856 0.0395857 
0.0393834 0.0393834 0.0393835 0.0393835 0.0393836 0.0393837 0.0394841 0.0394843 0.0394844 0.0394844 0.0394845 0.0394845 0.0394846 0.0394848 0.0395858 0.039586 0.0395861 0.0395861 0.0395863 0.0395863 
0.0393828 0.0393828 0.0393829 0.0393829 0.0393829 0.0393831 0.0394841 0.0394843 0.0394844 0.0394844 0.0394845 0.0394845 0.0394846 0.0394848 0.0395864 0.0395866 0.0395867 0.0395867 0.0395869 0.0395869 
0.0393822 0.0393822 0.0393823 0.0393823 0.0393823 0.0393825 0.0394841 0.0394843 0.0394844 0.0394844 0.0394845 0.0394845 0.0394846 0.0394848 0.039587 0.0395873 0.0395874 0.0395874 0.0395875 0.0395876 
0.0393815 0.0393815 0.0393817 0.0393816 0.0393817 0.0393819 0.0394841 0.0394843 0.0394844 0.0394844 0.0394845 0.0394845 0.0394846 0.0394848 0.0395877 0.0395879 0.039588 0.039588 0.0395882 0.0395882 
0.0393809 0.0393809 0.0393811 0.039381 0.0393811 0.0393813 0.0394841 0.0394843 0.0394844 0.0394844 0.0394845 0.0394846 0.0394846 0.0394848 0.0395883 0.0395885 0.0395886 0.0395886 0.0395888 0.0395888 
0.0393803 0.0393803 0.0393805 0.0393804 0.0393805 0.0393806 0.0394841 0.0394843 0.0394844 0.0394844 0.0394845 0.0394846 0.0394846 0.0394848 0.0395889 0.0395892 0.0395893 0.0395893 0.0395894 0.0395895 
0.0393797 0.0393797 0.0393798 0.0393798 0.0393799 0.03938 0.0394841 0.0394844 0.0394844 0.0394845 0.0394845 0.0394846 0.0394846 0.0394848 0.0395896 0.0395898 0.0395899 0.0395899 0.0395901 0.0395901 
0.0393791 0.0393791 0.0393792 0.0393792 0.0393793 0.0393794 0.0394841 0.0394844 0.0394844 0.0394845 0.0394845 0.0394846 0.0394846 0.0394848 0.0395902 0.0395904 0.0395905 0.0395905 0.0395907 0.0395907 
0.0393785 0.0393785 0.0393786 0.0393786 0.0393786 0.0393788 0.0394841 0.0394844 0.0394844 0.0394845 0.0394845 0.0394846 0.0394846 0.0394848 0.0395908 0.0395911 0.0395912 0.0395912 0.0395913 0.0395914 
0.0393779 0.0393779 0.039378 0.039378 0.039378 0.0393782 0.0394841 0.0394844 0.0394844 0.0394845 0.0394845 0.0394846 0.0394846 0.0394848 0.0395915 0.0395917 0.0395918 0.0395918 0.039592 0.039592 
0.0393773 0.0393773 0.0393774 0.0393773 0.0393774 0.0393776 0.0394842 0.0394844 0.0394844 0.0394845 0.0394845 0.0394846 0.0394846 0.0394848 0.0395921 0.0395923 0.0395924 0.0395924 0.0395926 0.0395926 
0.0393766 0.0393766 0.0393768 0.0393767 0.0393768 0.039377 0.0394842 0.0394844 0.0394844 0.0394845 0.0394845 0.0394846 0.0394846 0.0394848 0.0395927 0.039593 0.0395931 0.0395931 0.0395932 0.0395932 
0.039376 0.039376 0.0393762 0.0393761 0.0393762 0.0393763 0.0394842 0.0394844 0.0394844 0.0394845 0.0394845 0.0394846 0.0394846 0.0394848 0.0395934 0.0395936 0.0395937 0.0395937 0.0395938 0.0395939 
0.0393754 0.0393754 0.0393755 0.0393755 0.0393756 0.0393757 0.0394842 0.0394844 0.0394844 0.0394845 0.0394845 0.0394846 0.0394846 0.0394848 0.039594 0.0395942 0.0395943 0.0395943 0.0395945 0.0395945 
0.0393748 0.0393748 0.0393749 0.0393749 0.0393749 0.0393751 0.0394842 0.0394844 0.0394844 0.0394845 0.0394845 0.0394846 0.0394846 0.0394848 0.0395946 0.0395949 0.039595 0.039595 0.0395951 0.0395951 
0.0393742 0.0393742 0.0393743 0.0393743 0.0393743 0.0393745 0.0394842 0.0394844 0.0394844 0.0394845 0.0394845 0.0394846 0.0394846 0.0394849 0.0395952 0.0395955 0.0395956 0.0395956 0.0395957 0.0395958 
0.0393736 0.0393736 0.0393737 0.0393736 0.0393737 0.0393739 0.0394842 0.0394844 0.0394844 0.0394845 0.0394845 0.0394846 0.0394846 0.0394849 0.0395959 0.0395961 0.0395962 0.0395962 0.0395964 0.0395964 
0.0393729 0.0393729 0.0393731 0.039373 0.0393731 0.0393733 0.0394842 0.0394844 0.0394845 0.0394845 0.0394846 0.0394846 0.0394846 0.0394849 0.0395965 0.0395968 0.0395969 0.0395969 0.039597 0.039597 
0.0393723 0.0393723 0.0393725 0.0393724 0.0393725 0.0393726 0.0394842 0.0394844 0.0394845 0.0394845 0.0394846 0.0394846 0.0394846 0.0394849 0.0395971 0.0395974 0.0395975 0.0395975 0.0395976 0.0395977 
0.0393717 0.0393717 0.0393718 0.0393718 0.0393719 0.039372 0.0394842 0.0394844 0.0394845 0.0394845 0.0394846 0.0394846 0.0394847 0.0394849 0.0395978 0.039598 0.0395981 0.0395981 0.0395983 0.0395983 
0.0393711 0.0393711 0.0393712 0.0393712 0.0393712 0.0393714 0.0394842 0.0394844 0.0394845 0.0394845 0.0394846 0.0394846 0.0394847 0.0394849 0.0395984 0.0395987 0.0395988 0.0395988 0.0395989 0.0395989 
0.0393705 0.0393705 0.0393706 0.0393706 0.0393706 0.0393708 0.0394842 0.0394844 0.0394845 0.0394845 0.0394846 0.0394846 0.0394847 0.0394849 0.039599 0.0395993 0.0395994 0.0395994 0.0395995 0.0395996 
0.0393699 0.0393699 0.03937 0.0393699 0.03937 0.0393702 0.0394842 0.0394844 0.0394845 0.0394845 0.0394846 0.0394846 0.0394847 0.0394849 0.0395997 0.0395999 0.0396 0.0396 0.0396002 0.0396002 
0.0393693 0.0393693 0.0393694 0.0393693 0.0393694 0.0393696 0.0394842 0.0394844 0.0394845 0.0394845 0.0394846 0.0394846 0.0394847 0.0394849 0.0396003 0.0396005 0.0396007 0.0396007 0.0396008 0.0396008 
0.0393686 0.0393686 0.0393688 0.0393687 0.0393688 0.039369 0.0394842 0.0394844 0.0394845 0.0394845 0.0394846 0.0394846 0.0394847 0.0394849 0.0396009 0.0396012 0.0396013 0.0396013 0.0396014 0.0396015 
0.039368 0.039368 0.0393681 0.0393681 0.0393682 0.0393683 0.0394842 0.0394845 0.0394845 0.0394845 0.0394846 0.0394846 0.0394847 0.0394849 0.0396016 0.0396018 0.0396019 0.0396019 0.039602 0.0396021 
0.0393674 0.0393674 0.0393675 0.0393675 0.0393675 0.0393677 0.0394842 0.0394845 0.0394845 0.0394845 0.0394846 0.0394846 0.0394847 0.0394849 0.0396022 0.0396024 0.0396026 0.0396025 0.0396027 0.0396027 
0.0393668 0.0393668 0.0393669 0.0393669 0.0393669 0.0393671 0.0394842 0.0394845 0.0394845 0.0394845 0.0394846 0.0394846 0.0394847 0.0394849 0.0396028 0.0396031 0.0396032 0.0396032 0.0396033 0.0396033 
0.0393662 0.0393662 0.0393663 0.0393662 0.0393663 0.0393665 0.0394842 0.0394845 0.0394845 0.0394846 0.0394846 0.0394846 0.0394847 0.0394849 0.0396035 0.0396037 0.0396038 0.0396038 0.0396039 0.039604 
0.0393656 0.0393656 0.0393657 0.0393656 0.0393657 0.0393659 0.0394842 0.0394845 0.0394845 0.0394846 0.0394846 0.0394846 0.0394847 0.0394849 0.0396041 0.0396043 0.0396045 0.0396044 0.0396046 0.0396046 
0.0393649 0.0393649 0.0393651 0.039365 0.0393651 0.0393653 0.0394842 0.0394845 0.0394845 0.0394846 0.0394846 0.0394846 0.0394847 0.0394849 0.0396047 0.039605 0.0396051 0.0396051 0.0396052 0.0396052 
0.0393643 0.0393643 0.0393644 0.0393644 0.0393645 0.0393646 0.0394842 0.0394845 0.0394845 0.0394846 0.0394846 0.0394847 0.0394847 0.0394849 0.0396054 0.0396056 0.0396057 0.0396057 0.0396058 0.0396059 
0.0393637 0.0393637 0.0393638 0.0393638 0.0393638 0.039364 0.0394842 0.0394845 0.0394845 0.0394846 0.0394846 0.0394847 0.0394847 0.0394849 0.039606 0.0396062 0.0396063 0.0396063 0.0396065 0.0396065 
0.0393631 0.0393631 0.0393632 0.0393632 0.0393632 0.0393634 0.0394842 0.0394845 0.0394845 0.0394846 0.0394846 0.0394847 0.0394847 0.0394849 0.0396066 0.0396069 0.039607 0.039607 0.0396071 0.0396071 
0.0393625 0.0393625 0.0393626 0.0393625 0.0393626 0.0393628 0.0394842 0.0394845 0.0394845 0.0394846 0.0394846 0.0394847 0.0394847 0.0394849 0.0396072 0.0396075 0.0396076 0.0396076 0.0396077 0.0396078 
0.0393619 0.0393619 0.039362 0.0393619 0.039362 0.0393622 0.0394842 0.0394845 0.0394845 0.0394846 0.0394846 0.0394847 0.0394847 0.0394849 0.0396079 0.0396081 0.0396082 0.0396082 0.0396084 0.0396084 
0.0393612 0.0393612 0.0393614 0.0393613 0.0393614 0.0393616 0.0394842 0.0394845 0.0394845 0.0394846 0.0394846 0.0394847 0.0394847 0.0394849 0.0396085 0.0396088 0.0396089 0.0396089 0.039609 0.039609 
0.0393606 0.0393606 0.0393607 0.0393607 0.0393607 0.0393609 0.0394842 0.0394845 0.0394845 0.0394846 0.0394846 0.0394847 0.0394847 0.0394849 0.0396091 0.0396094 0.0396095 0.0396095 0.0396096 0.0396097 
0.03936 0.03936 0.0393601 0.0393601 0.0393601 0.0393603 0.0394842 0.0394845 0.0394845 0.0394846 0.0394846 0.0394847 0.0394847 0.0394849 0.0396098 0.03961 0.0396101 0.0396101 0.0396103 0.0396103 
0.0393594 0.0393594 0.0393595 0.0393595 0.0393595 0.0393597 0.0394843 0.0394845 0.0394845 0.0394846 0.0394846 0.0394847 0.0394847 0.039485 0.0396104 0.0396107 0.0396108 0.0396108 0.0396109 0.0396109 
