0 0.81135 0.689533 0.815663 0.942292 1.06892 1.13224 1.13224 1.13224 1.13224 1.13224 1.13224 1.13224 1.13224 1.06892 0.942292 0.815662 0.689036 0.812181 0 
0 0.804933 0.681642 0.810401 0.9371 1.06441 1.12789 1.12708 1.12705 1.12707 1.12708 1.1271 1.12711 1.12782 1.06469 0.937214 0.810534 0.680889 0.806069 0 
0 0.798577 0.673878 0.805279 0.932029 1.06 1.12364 1.12203 1.12197 1.12199 1.122 1.12201 1.12202 1.12339 1.06044 0.932136 0.805466 0.672823 0.799995 0 
0 0.792332 0.666299 0.800293 0.927055 1.05566 1.11947 1.11707 1.11699 1.11701 1.11702 1.11703 1.11702 1.11904 1.05626 0.927151 0.800535 0.664949 0.794021 0 
0 0.786198 0.658899 0.795439 0.922175 1.0514 1.11536 1.1122 1.11211 1.11213 1.11214 1.11215 1.11212 1.11476 1.05216 0.922255 0.795739 0.657261 0.788144 0 
0 0.78017 0.651673 0.790712 0.917386 1.04722 1.11133 1.10742 1.10733 1.10735 1.10736 1.10737 1.1073 1.11056 1.04812 0.917448 0.791072 0.649755 0.782364 0 
0 0.774247 0.644616 0.786109 0.912687 1.0431 1.10736 1.10272 1.10264 1.10266 1.10267 1.10268 1.10258 1.10643 1.04415 0.912726 0.78653 0.642424 0.776677 0 
0 0.768425 0.637724 0.781625 0.908075 1.03906 1.10347 1.09811 1.09805 1.09807 1.09808 1.09809 1.09794 1.10237 1.04026 0.908087 0.78211 0.635265 0.771082 0 
0 0.762703 0.630992 0.777257 0.903548 1.03508 1.09964 1.09359 1.09355 1.09357 1.09358 1.09359 1.09339 1.09837 1.03642 0.903529 0.777807 0.628273 0.765576 0 
0 0.757079 0.624417 0.773002 0.899104 1.03118 1.09587 1.08914 1.08913 1.08916 1.08916 1.08918 1.08892 1.09445 1.03266 0.899051 0.773618 0.621442 0.760158 0 
0 0.751549 0.617992 0.768855 0.89474 1.02734 1.09217 1.08478 1.0848 1.08483 1.08483 1.08485 1.08454 1.09059 1.02895 0.89465 0.769539 0.61477 0.754826 0 
0 0.746113 0.611716 0.764814 0.890455 1.02356 1.08853 1.08049 1.08056 1.08059 1.08059 1.08061 1.08023 1.0868 1.02532 0.890325 0.765566 0.608251 0.749578 0 
0 0.740767 0.605582 0.760876 0.886247 1.01985 1.08496 1.07628 1.07639 1.07643 1.07643 1.07645 1.07601 1.08307 1.02174 0.886073 0.761697 0.601882 0.744413 0 
0 0.735509 0.599589 0.757036 0.882114 1.0162 1.08144 1.07215 1.07231 1.07235 1.07235 1.07238 1.07186 1.07941 1.01822 0.881893 0.757928 0.595659 0.739327 0 
0 0.730338 0.593732 0.753292 0.878053 1.01261 1.07798 1.06808 1.06831 1.06835 1.06835 1.06838 1.06778 1.07581 1.01476 0.877783 0.754256 0.589577 0.734321 0 
0 0.725252 0.588006 0.749641 0.874064 1.00909 1.07458 1.06409 1.06438 1.06442 1.06442 1.06446 1.06378 1.07226 1.01136 0.873741 0.750678 0.583633 0.729391 0 
0 0.720248 0.58241 0.746081 0.870144 1.00562 1.07124 1.06017 1.06053 1.06057 1.06057 1.06061 1.05985 1.06878 1.00802 0.869766 0.747191 0.577823 0.724537 0 
0 0.715325 0.576939 0.742608 0.866292 1.00221 1.06796 1.05632 1.05675 1.05679 1.05679 1.05684 1.056 1.06535 1.00474 0.865856 0.743792 0.572144 0.719756 0 
0 0.710481 0.57159 0.73922 0.862507 0.99886 1.06473 1.05253 1.05305 1.05309 1.05308 1.05314 1.05221 1.06199 1.00151 0.862009 0.740478 0.566592 0.715048 0 
0 0.705714 0.56636 0.735914 0.858785 0.995564 1.06155 1.04882 1.04941 1.04945 1.04944 1.04951 1.04848 1.05867 0.998333 0.858225 0.737247 0.561164 0.710411 0 
0 0.701023 0.561246 0.732687 0.855127 0.992322 1.05842 1.04516 1.04584 1.04588 1.04587 1.04595 1.04483 1.05542 0.99521 0.854501 0.734097 0.555856 0.705843 0 
0 0.696406 0.556244 0.729538 0.85153 0.989135 1.05535 1.04157 1.04234 1.04238 1.04237 1.04246 1.04124 1.05221 0.99214 0.850836 0.731024 0.550666 0.701343 0 
0 0.69186 0.551352 0.726464 0.847994 0.986 1.05233 1.03804 1.0389 1.03894 1.03893 1.03903 1.03771 1.04906 0.989121 0.847229 0.728026 0.545591 0.696909 0 
0 0.687386 0.546566 0.723462 0.844516 0.982917 1.04936 1.03457 1.03553 1.03556 1.03555 1.03566 1.03424 1.04596 0.986153 0.843679 0.725101 0.540627 0.69254 0 
0 0.68298 0.541885 0.720531 0.841095 0.979885 1.04643 1.03116 1.03222 1.03225 1.03223 1.03236 1.03083 1.04291 0.983234 0.840184 0.722246 0.535772 0.688236 0 
0 0.678642 0.537305 0.717668 0.83773 0.976902 1.04356 1.02781 1.02897 1.029 1.02898 1.02912 1.02749 1.03991 0.980363 0.836742 0.719461 0.531022 0.683993 0 
0 0.67437 0.532824 0.714872 0.83442 0.973968 1.04073 1.02451 1.02578 1.0258 1.02578 1.02594 1.0242 1.03696 0.977539 0.833354 0.716741 0.526375 0.679812 0 
0 0.670163 0.528439 0.712139 0.831163 0.971083 1.03795 1.02127 1.02265 1.02266 1.02264 1.02281 1.02096 1.03406 0.974763 0.830017 0.714086 0.521829 0.675691 0 
0 0.666019 0.524148 0.709469 0.827958 0.968244 1.03521 1.01808 1.01957 1.01958 1.01955 1.01974 1.01779 1.0312 0.972032 0.82673 0.711493 0.517381 0.671629 0 
0 0.661937 0.519948 0.70686 0.824804 0.965451 1.03252 1.01495 1.01655 1.01655 1.01652 1.01673 1.01466 1.02839 0.969345 0.823492 0.708961 0.513028 0.667624 0 
0 0.657916 0.515837 0.704309 0.8217 0.962703 1.02987 1.01187 1.01358 1.01357 1.01354 1.01377 1.01159 1.02562 0.966703 0.820303 0.706487 0.508767 0.663675 0 
0 0.653954 0.511813 0.701815 0.818645 0.96 1.02726 1.00884 1.01067 1.01065 1.01062 1.01087 1.00857 1.0229 0.964104 0.81716 0.70407 0.504598 0.659782 0 
0 0.65005 0.507874 0.699376 0.815637 0.95734 1.02469 1.00586 1.00781 1.00778 1.00774 1.00801 1.0056 1.02022 0.961548 0.814064 0.701709 0.500516 0.655944 0 
0 0.646203 0.504016 0.69699 0.812675 0.954723 1.02217 1.00293 1.00499 1.00496 1.00491 1.00521 1.00269 1.01758 0.959033 0.811012 0.6994 0.496521 0.652158 0 
0 0.642412 0.500239 0.694657 0.809759 0.952148 1.01968 1.00004 1.00223 1.00218 1.00214 1.00245 0.999817 1.01499 0.956558 0.808005 0.697144 0.492609 0.648424 0 
0 0.638675 0.49654 0.692374 0.806888 0.949613 1.01723 0.997204 0.999518 0.999456 0.999408 0.999745 0.996995 1.01243 0.954124 0.805041 0.694937 0.488779 0.644742 0 
0 0.634992 0.492918 0.69014 0.80406 0.947119 1.01482 0.994413 0.99685 0.996776 0.996724 0.997086 0.99422 1.00991 0.951729 0.802119 0.69278 0.485029 0.641109 0 
0 0.631361 0.48937 0.687954 0.801274 0.944664 1.01245 0.991666 0.994229 0.994141 0.994085 0.994472 0.99149 1.00744 0.949372 0.799238 0.690669 0.481357 0.637526 0 
0 0.627781 0.485894 0.685814 0.79853 0.942248 1.01012 0.988963 0.991653 0.99155 0.99149 0.991903 0.988805 1.005 0.947054 0.796398 0.688605 0.47776 0.633991 0 
0 0.624252 0.482489 0.683718 0.795827 0.93987 1.00782 0.986303 0.989121 0.989002 0.988939 0.989378 0.986164 1.0026 0.944772 0.793597 0.686585 0.474238 0.630503 0 
0 0.620772 0.479154 0.681667 0.793163 0.937529 1.00556 0.983685 0.986632 0.986496 0.986429 0.986896 0.983565 1.00023 0.942527 0.790835 0.684608 0.470787 0.627062 0 
0 0.61734 0.475885 0.679657 0.790539 0.935225 1.00333 0.981109 0.984184 0.984032 0.983961 0.984456 0.981008 0.997901 0.940317 0.788112 0.682673 0.467407 0.623666 0 
0 0.613955 0.472682 0.677688 0.787952 0.932957 1.00114 0.978572 0.981778 0.981608 0.981533 0.982056 0.978492 0.995606 0.938143 0.785425 0.680778 0.464095 0.620314 0 
0 0.610616 0.469543 0.675759 0.785403 0.930724 0.998977 0.976075 0.979413 0.979224 0.979144 0.979697 0.976016 0.993346 0.936003 0.782774 0.678923 0.46085 0.617007 0 
0 0.607323 0.466467 0.673869 0.782891 0.928525 0.996849 0.973617 0.977086 0.976878 0.976794 0.977377 0.97358 0.991119 0.933896 0.78016 0.677106 0.457671 0.613742 0 
0 0.604074 0.463452 0.672016 0.780414 0.92636 0.994753 0.971197 0.974798 0.974569 0.974481 0.975095 0.971182 0.988926 0.931823 0.77758 0.675326 0.454555 0.610519 0 
0 0.600869 0.460496 0.6702 0.777972 0.924228 0.992688 0.968814 0.972547 0.972298 0.972205 0.97285 0.968822 0.986764 0.929782 0.775035 0.673582 0.451501 0.607338 0 
0 0.597707 0.457598 0.668419 0.775565 0.922129 0.990655 0.966467 0.970334 0.970062 0.969965 0.970642 0.966498 0.984635 0.927773 0.772523 0.671873 0.448508 0.604198 0 
0 0.594587 0.454756 0.666672 0.773191 0.920062 0.988651 0.964156 0.968156 0.967862 0.96776 0.96847 0.964211 0.982536 0.925795 0.770044 0.670198 0.445574 0.601097 0 
0 0.591507 0.45197 0.664959 0.77085 0.918026 0.986677 0.96188 0.966013 0.965696 0.965589 0.966333 0.961959 0.980468 0.923848 0.767597 0.668556 0.442698 0.598035 0 
0 0.588469 0.449238 0.663278 0.768541 0.916021 0.984731 0.959637 0.963905 0.963564 0.963453 0.96423 0.959741 0.97843 0.921931 0.765183 0.666946 0.439878 0.595012 0 
0 0.585469 0.446559 0.661629 0.766264 0.914046 0.982814 0.957429 0.96183 0.961465 0.961349 0.96216 0.957558 0.976421 0.920044 0.762799 0.665367 0.437113 0.592026 0 
0 0.582509 0.443931 0.660011 0.764018 0.912101 0.980925 0.955253 0.959789 0.959398 0.959277 0.960124 0.955408 0.974441 0.918185 0.760445 0.663818 0.434402 0.589077 0 
0 0.579586 0.441353 0.658422 0.761802 0.910185 0.979063 0.953109 0.957779 0.957363 0.957236 0.958119 0.95329 0.972488 0.916355 0.758122 0.662298 0.431743 0.586165 0 
0 0.576701 0.438824 0.656863 0.759616 0.908297 0.977228 0.950997 0.955802 0.955359 0.955227 0.956145 0.951204 0.970564 0.914553 0.755827 0.660806 0.429136 0.583289 0 
0 0.573852 0.436344 0.655331 0.757459 0.906437 0.975419 0.948916 0.953855 0.953385 0.953248 0.954202 0.94915 0.968666 0.912779 0.753562 0.659343 0.426578 0.580447 0 
0 0.57104 0.433909 0.653827 0.755331 0.904605 0.973636 0.946865 0.951938 0.95144 0.951298 0.952289 0.947126 0.966795 0.911031 0.751325 0.657906 0.42407 0.57764 0 
0 0.568262 0.431521 0.65235 0.753231 0.9028 0.971878 0.944844 0.95005 0.949524 0.949377 0.950406 0.945132 0.964949 0.909309 0.749115 0.656495 0.421609 0.574867 0 
0 0.56552 0.429177 0.650898 0.751158 0.901021 0.970145 0.942851 0.948192 0.947637 0.947484 0.948551 0.943167 0.963129 0.907614 0.746933 0.655109 0.419195 0.572127 0 
0 0.562811 0.426877 0.649472 0.749112 0.899268 0.968435 0.940887 0.946362 0.945778 0.945619 0.946724 0.941231 0.961334 0.905944 0.744777 0.653748 0.416826 0.569419 0 
0 0.560136 0.424619 0.64807 0.747093 0.897541 0.96675 0.938952 0.944559 0.943945 0.943782 0.944925 0.939324 0.959563 0.904299 0.742648 0.65241 0.414501 0.566744 0 
0 0.557493 0.422403 0.646692 0.7451 0.895839 0.965088 0.937043 0.942784 0.942139 0.94197 0.943152 0.937444 0.957817 0.902678 0.740544 0.651096 0.41222 0.5641 0 
0 0.554883 0.420227 0.645337 0.743132 0.894161 0.963449 0.935161 0.941035 0.940359 0.940185 0.941406 0.935591 0.956093 0.901082 0.738466 0.649805 0.409982 0.561487 0 
0 0.552304 0.418091 0.644004 0.741189 0.892507 0.961832 0.933306 0.939313 0.938605 0.938425 0.939686 0.933765 0.954393 0.899509 0.736412 0.648535 0.407785 0.558905 0 
0 0.549756 0.415994 0.642694 0.739271 0.890877 0.960237 0.931476 0.937615 0.936876 0.93669 0.937991 0.931965 0.952716 0.897959 0.734383 0.647287 0.405628 0.556352 0 
0 0.547239 0.413935 0.641405 0.737376 0.889271 0.958663 0.929672 0.935943 0.935171 0.93498 0.936321 0.93019 0.95106 0.896432 0.732378 0.646059 0.403511 0.553829 0 
0 0.544752 0.411913 0.640137 0.735506 0.887687 0.957111 0.927892 0.934295 0.93349 0.933293 0.934674 0.928441 0.949426 0.894927 0.730396 0.644852 0.401433 0.551335 0 
0 0.542293 0.409927 0.638888 0.733658 0.886125 0.955579 0.926137 0.932671 0.931832 0.93163 0.933052 0.926716 0.947814 0.893445 0.728437 0.643664 0.399392 0.548869 0 
0 0.539864 0.407976 0.63766 0.731834 0.884586 0.954068 0.924406 0.931071 0.930198 0.92999 0.931453 0.925015 0.946222 0.891983 0.726501 0.642495 0.397388 0.546431 0 
0 0.537464 0.40606 0.636451 0.730031 0.883068 0.952577 0.922698 0.929493 0.928586 0.928372 0.929876 0.923338 0.944651 0.890543 0.724588 0.641345 0.395421 0.544021 0 
0 0.535091 0.404178 0.63526 0.728251 0.881571 0.951105 0.921013 0.927938 0.926996 0.926776 0.928322 0.921683 0.9431 0.889124 0.722697 0.640212 0.393489 0.541637 0 
0 0.532745 0.402329 0.634088 0.726492 0.880095 0.949652 0.919351 0.926405 0.925428 0.925202 0.926789 0.920052 0.941569 0.887725 0.720827 0.639098 0.391591 0.53928 0 
0 0.530426 0.400513 0.632933 0.724755 0.87864 0.948219 0.91771 0.924893 0.92388 0.923649 0.925278 0.918443 0.940057 0.886346 0.718978 0.638 0.389727 0.53695 0 
0 0.528134 0.398728 0.631795 0.723038 0.877204 0.946803 0.916092 0.923403 0.922354 0.922117 0.923788 0.916856 0.938564 0.884987 0.71715 0.636919 0.387897 0.534644 0 
0 0.525868 0.396974 0.630674 0.721342 0.875788 0.945406 0.914494 0.921933 0.920848 0.920605 0.922319 0.91529 0.937089 0.883646 0.715343 0.635853 0.386098 0.532365 0 
0 0.523627 0.39525 0.62957 0.719666 0.874392 0.944027 0.912918 0.920483 0.919362 0.919114 0.920869 0.913745 0.935633 0.882325 0.713556 0.634804 0.384331 0.53011 0 
0 0.521412 0.393556 0.628481 0.718009 0.873015 0.942665 0.911362 0.919054 0.917896 0.917641 0.919439 0.912221 0.934195 0.881023 0.711789 0.63377 0.382595 0.527879 0 
0 0.519221 0.391891 0.627408 0.716372 0.871656 0.94132 0.909826 0.917644 0.916448 0.916188 0.918029 0.910717 0.932774 0.879738 0.710042 0.632751 0.380889 0.525673 0 
0 0.517054 0.390255 0.62635 0.714755 0.870316 0.939992 0.90831 0.916253 0.91502 0.914754 0.916637 0.909233 0.93137 0.878472 0.708314 0.631746 0.379213 0.52349 0 
0 0.514912 0.388646 0.625307 0.713156 0.868993 0.93868 0.906813 0.914881 0.91361 0.913338 0.915264 0.907768 0.929984 0.877223 0.706604 0.630755 0.377566 0.52133 0 
0 0.512793 0.387064 0.624279 0.711575 0.867689 0.937385 0.905335 0.913527 0.912218 0.911941 0.913909 0.906323 0.928614 0.875992 0.704914 0.629778 0.375946 0.519194 0 
0 0.510697 0.385509 0.623264 0.710013 0.866401 0.936105 0.903876 0.912191 0.910844 0.910561 0.912572 0.904896 0.92726 0.874777 0.703241 0.628815 0.374355 0.517079 0 
0 0.508623 0.38398 0.622263 0.708468 0.865131 0.934841 0.902435 0.910873 0.909487 0.909198 0.911252 0.903488 0.925923 0.873579 0.701587 0.627864 0.372791 0.514988 0 
0 0.506572 0.382476 0.621275 0.706941 0.863878 0.933593 0.901013 0.909572 0.908148 0.907853 0.90995 0.902098 0.924601 0.872398 0.699951 0.626926 0.371253 0.512918 0 
0 0.504543 0.380997 0.6203 0.705432 0.862641 0.932359 0.899608 0.908288 0.906825 0.906525 0.908664 0.900726 0.923294 0.871232 0.698332 0.626001 0.369741 0.510869 0 
0 0.502535 0.379543 0.619338 0.703939 0.86142 0.931141 0.89822 0.907021 0.905518 0.905213 0.907395 0.899371 0.922003 0.870083 0.69673 0.625087 0.368255 0.508842 0 
0 0.500549 0.378112 0.618388 0.702463 0.860215 0.929936 0.896849 0.90577 0.904228 0.903917 0.906142 0.898034 0.920726 0.868948 0.695145 0.624186 0.366793 0.506835 0 
0 0.498584 0.376705 0.617451 0.701003 0.859026 0.928746 0.895495 0.904536 0.902954 0.902637 0.904904 0.896713 0.919465 0.86783 0.693577 0.623295 0.365356 0.504849 0 
0 0.496639 0.375321 0.616525 0.69956 0.857852 0.92757 0.894158 0.903317 0.901695 0.901372 0.903683 0.895409 0.918217 0.866726 0.692026 0.622416 0.363942 0.502883 0 
0 0.494715 0.373959 0.61561 0.698133 0.856693 0.926408 0.892836 0.902113 0.900451 0.900123 0.902476 0.894121 0.916984 0.865636 0.690491 0.621548 0.362552 0.500937 0 
0 0.49281 0.372619 0.614707 0.696721 0.855549 0.925259 0.891531 0.900925 0.899222 0.898889 0.901285 0.892849 0.915764 0.864562 0.688971 0.62069 0.361185 0.499011 0 
0 0.490925 0.371301 0.613815 0.695325 0.85442 0.924124 0.890241 0.899751 0.898009 0.89767 0.900108 0.891592 0.914558 0.863501 0.687468 0.619843 0.35984 0.497104 0 
0 0.48906 0.370004 0.612933 0.693944 0.853305 0.923001 0.888966 0.898592 0.896809 0.896465 0.898946 0.890351 0.913365 0.862454 0.68598 0.619005 0.358517 0.495216 0 
0 0.487213 0.368727 0.612062 0.692577 0.852204 0.921891 0.887707 0.897447 0.895624 0.895274 0.897797 0.889125 0.912186 0.861422 0.684507 0.618178 0.357216 0.493346 0 
0 0.485386 0.367471 0.611201 0.691226 0.851117 0.920794 0.886462 0.896317 0.894453 0.894097 0.896663 0.887914 0.911019 0.860402 0.683049 0.61736 0.355936 0.491496 0 
0 0.483576 0.366234 0.61035 0.689889 0.850043 0.919709 0.885232 0.8952 0.893295 0.892934 0.895542 0.886718 0.909865 0.859396 0.681607 0.616551 0.354676 0.489663 0 
0 0.481785 0.365017 0.609509 0.688567 0.848983 0.918637 0.884016 0.894097 0.892151 0.891785 0.894435 0.885536 0.908723 0.858403 0.680179 0.615752 0.353436 0.487848 0 
0 0.480012 0.363819 0.608677 0.687258 0.847936 0.917576 0.882814 0.893007 0.89102 0.890649 0.893341 0.884368 0.907594 0.857422 0.678765 0.614961 0.352216 0.486051 0 
0 0.478256 0.362639 0.607854 0.685963 0.846902 0.916527 0.881626 0.89193 0.889902 0.889525 0.892259 0.883214 0.906477 0.856454 0.677365 0.614179 0.351015 0.484271 0 
0 0.476517 0.361478 0.607041 0.684682 0.845881 0.915489 0.880451 0.890866 0.888796 0.888415 0.891191 0.882073 0.905371 0.855499 0.67598 0.613406 0.349834 0.482508 0 
0 0.474796 0.360335 0.606236 0.683415 0.844872 0.914463 0.87929 0.889814 0.887704 0.887317 0.890134 0.880946 0.904277 0.854555 0.674608 0.612641 0.348671 0.480762 0 
0 0.473092 0.359209 0.60544 0.68216 0.843875 0.913448 0.878142 0.888775 0.886623 0.886232 0.88909 0.879832 0.903195 0.853624 0.67325 0.611884 0.347526 0.479033 0 
0 0.471404 0.358101 0.604653 0.680919 0.842891 0.912443 0.877007 0.887748 0.885555 0.885158 0.888058 0.878732 0.902123 0.852704 0.671906 0.611135 0.346399 0.47732 0 
0 0.469732 0.357009 0.603874 0.679691 0.841918 0.91145 0.875885 0.886733 0.884498 0.884097 0.887038 0.877643 0.901063 0.851796 0.670575 0.610393 0.34529 0.475623 0 
0 0.468076 0.355934 0.603103 0.678475 0.840957 0.910467 0.874775 0.885729 0.883453 0.883047 0.886029 0.876568 0.900013 0.850899 0.669256 0.60966 0.344197 0.473943 0 
0 0.466437 0.354875 0.60234 0.677272 0.840007 0.909495 0.873677 0.884737 0.88242 0.882009 0.885032 0.875504 0.898975 0.850013 0.667951 0.608933 0.343122 0.472277 0 
0 0.464812 0.353832 0.601584 0.676081 0.839069 0.908532 0.872591 0.883757 0.881398 0.880982 0.884046 0.874453 0.897946 0.849138 0.666659 0.608214 0.342063 0.470628 0 
0 0.463204 0.352805 0.600837 0.674902 0.838142 0.90758 0.871518 0.882787 0.880387 0.879967 0.88307 0.873414 0.896928 0.848273 0.665379 0.607502 0.34102 0.468993 0 
0 0.46161 0.351793 0.600096 0.673735 0.837226 0.906638 0.870456 0.881829 0.879387 0.878962 0.882106 0.872386 0.89592 0.84742 0.664111 0.606796 0.339993 0.467374 0 
0 0.460031 0.350796 0.599363 0.67258 0.83632 0.905705 0.869405 0.880881 0.878398 0.877968 0.881152 0.87137 0.894922 0.846576 0.662856 0.606098 0.338982 0.465769 0 
0 0.458467 0.349814 0.598637 0.671437 0.835425 0.904782 0.868366 0.879943 0.877419 0.876985 0.880208 0.870365 0.893934 0.845743 0.661613 0.605405 0.337986 0.464179 0 
0 0.456918 0.348846 0.597919 0.670305 0.834541 0.903868 0.867338 0.879017 0.876451 0.876012 0.879275 0.869372 0.892956 0.84492 0.660381 0.60472 0.337005 0.462604 0 
0 0.455383 0.347892 0.597206 0.669184 0.833666 0.902964 0.866321 0.8781 0.875493 0.87505 0.878352 0.868389 0.891987 0.844107 0.659162 0.60404 0.336038 0.461042 0 
0 0.453862 0.346952 0.596501 0.668075 0.832802 0.902068 0.865314 0.877193 0.874545 0.874097 0.877438 0.867417 0.891027 0.843303 0.657954 0.603367 0.335086 0.459495 0 
0 0.452355 0.346026 0.595802 0.666976 0.831947 0.901182 0.864318 0.876296 0.873606 0.873155 0.876534 0.866456 0.890077 0.842509 0.656757 0.6027 0.334148 0.457962 0 
0 0.450861 0.345114 0.59511 0.665889 0.831103 0.900304 0.863333 0.875409 0.872678 0.872222 0.87564 0.865506 0.889136 0.841724 0.655572 0.602039 0.333224 0.456442 0 
0 0.449381 0.344214 0.594423 0.664812 0.830268 0.899435 0.862358 0.874531 0.871759 0.871299 0.874756 0.864565 0.888203 0.840949 0.654398 0.601383 0.332313 0.454935 0 
0 0.447915 0.343327 0.593743 0.663745 0.829442 0.898575 0.861393 0.873663 0.87085 0.870386 0.87388 0.863635 0.887279 0.840182 0.653235 0.600733 0.331416 0.453442 0 
0 0.446461 0.342453 0.593069 0.662689 0.828625 0.897723 0.860438 0.872804 0.869949 0.869482 0.873013 0.862715 0.886364 0.839425 0.652083 0.600089 0.330532 0.451962 0 
0 0.44502 0.341592 0.592401 0.661644 0.827818 0.896879 0.859493 0.871954 0.869058 0.868587 0.872156 0.861804 0.885458 0.838676 0.650941 0.59945 0.32966 0.450495 0 
0 0.443593 0.340742 0.591739 0.660608 0.82702 0.896044 0.858558 0.871113 0.868176 0.867701 0.871307 0.860904 0.884559 0.837936 0.649811 0.598816 0.328801 0.449041 0 
0 0.442178 0.339905 0.591082 0.659583 0.82623 0.895216 0.857632 0.87028 0.867303 0.866824 0.870467 0.860012 0.88367 0.837204 0.64869 0.598188 0.327955 0.447599 0 
0 0.440775 0.339079 0.590431 0.658567 0.825449 0.894397 0.856715 0.869456 0.866438 0.865956 0.869635 0.85913 0.882788 0.836481 0.64758 0.597564 0.327121 0.446169 0 
0 0.439384 0.338265 0.589785 0.657561 0.824677 0.893585 0.855808 0.868641 0.865582 0.865096 0.868812 0.858258 0.881914 0.835766 0.646481 0.596946 0.326298 0.444752 0 
0 0.438006 0.337462 0.589145 0.656565 0.823913 0.89278 0.85491 0.867834 0.864735 0.864245 0.867997 0.857394 0.881048 0.835058 0.645391 0.596332 0.325487 0.443347 0 
0 0.436639 0.336671 0.58851 0.655578 0.823157 0.891984 0.85402 0.867035 0.863895 0.863402 0.86719 0.85654 0.880189 0.834359 0.644311 0.595724 0.324688 0.441954 0 
0 0.435285 0.33589 0.58788 0.6546 0.82241 0.891194 0.85314 0.866244 0.863064 0.862568 0.866391 0.855694 0.879339 0.833668 0.643241 0.59512 0.3239 0.440572 0 
0 0.433942 0.33512 0.587256 0.653632 0.82167 0.890412 0.852268 0.865462 0.862241 0.861742 0.8656 0.854857 0.878496 0.832984 0.642181 0.59452 0.323123 0.439203 0 
0 0.43261 0.33436 0.586636 0.652673 0.820939 0.889638 0.851405 0.864687 0.861426 0.860923 0.864816 0.854028 0.87766 0.832308 0.641131 0.593925 0.322357 0.437844 0 
0 0.43129 0.333611 0.586021 0.651723 0.820215 0.88887 0.85055 0.86392 0.860619 0.860113 0.86404 0.853208 0.876832 0.831639 0.64009 0.593335 0.321602 0.436497 0 
0 0.429981 0.332872 0.585411 0.650782 0.819499 0.888109 0.849703 0.86316 0.859819 0.85931 0.863272 0.852397 0.87601 0.830977 0.639058 0.592749 0.320857 0.435161 0 
0 0.428683 0.332143 0.584806 0.649849 0.81879 0.887355 0.848865 0.862408 0.859027 0.858515 0.86251 0.851593 0.875196 0.830323 0.638035 0.592167 0.320122 0.433837 0 
0 0.427395 0.331424 0.584205 0.648926 0.818089 0.886608 0.848035 0.861663 0.858242 0.857728 0.861756 0.850798 0.874389 0.829676 0.637022 0.591589 0.319398 0.432523 0 
0 0.426119 0.330715 0.583609 0.64801 0.817395 0.885868 0.847213 0.860925 0.857465 0.856948 0.86101 0.85001 0.873589 0.829035 0.636018 0.591015 0.318683 0.43122 0 
0 0.424853 0.330015 0.583017 0.647104 0.816708 0.885134 0.846398 0.860195 0.856695 0.856175 0.86027 0.84923 0.872795 0.828402 0.635023 0.590446 0.317978 0.429927 0 
0 0.423597 0.329324 0.582429 0.646205 0.816029 0.884407 0.845591 0.859471 0.855932 0.85541 0.859537 0.848458 0.872009 0.827775 0.634036 0.58988 0.317283 0.428645 0 
0 0.422352 0.328643 0.581846 0.645315 0.815356 0.883686 0.844792 0.858755 0.855176 0.854652 0.858811 0.847694 0.871228 0.827155 0.633058 0.589318 0.316597 0.427373 0 
0 0.421117 0.32797 0.581268 0.644433 0.81469 0.882971 0.844001 0.858045 0.854427 0.8539 0.858091 0.846937 0.870455 0.826541 0.632089 0.58876 0.31592 0.426112 0 
0 0.419892 0.327306 0.580693 0.643559 0.814031 0.882263 0.843217 0.857342 0.853685 0.853156 0.857379 0.846188 0.869687 0.825934 0.631129 0.588206 0.315253 0.424861 0 
0 0.418677 0.326652 0.580122 0.642693 0.813379 0.88156 0.84244 0.856645 0.85295 0.852418 0.856672 0.845445 0.868926 0.825333 0.630177 0.587655 0.314594 0.423619 0 
0 0.417472 0.326005 0.579556 0.641835 0.812733 0.880864 0.84167 0.855955 0.852221 0.851688 0.855972 0.84471 0.868172 0.824738 0.629233 0.587108 0.313944 0.422388 0 
0 0.416277 0.325367 0.578993 0.640985 0.812094 0.880174 0.840907 0.855271 0.851499 0.850963 0.855279 0.843982 0.867423 0.82415 0.628297 0.586565 0.313303 0.421166 0 
0 0.415091 0.324737 0.578434 0.640142 0.811461 0.879489 0.840152 0.854594 0.850783 0.850246 0.854591 0.843262 0.866681 0.823567 0.62737 0.586025 0.31267 0.419954 0 
0 0.413914 0.324116 0.57788 0.639307 0.810834 0.878811 0.839403 0.853923 0.850074 0.849535 0.85391 0.842548 0.865944 0.82299 0.62645 0.585489 0.312046 0.418751 0 
0 0.412747 0.323502 0.577328 0.638479 0.810213 0.878138 0.838661 0.853258 0.849371 0.84883 0.853235 0.84184 0.865214 0.82242 0.625539 0.584956 0.311429 0.417558 0 
0 0.411589 0.322896 0.576781 0.637659 0.809599 0.877471 0.837926 0.852599 0.848674 0.848131 0.852565 0.84114 0.864489 0.821854 0.624635 0.584426 0.310821 0.416374 0 
0 0.41044 0.322298 0.576237 0.636846 0.80899 0.876809 0.837198 0.851946 0.847983 0.847439 0.851902 0.840446 0.86377 0.821295 0.623739 0.583899 0.310221 0.415199 0 
0 0.4093 0.321708 0.575697 0.63604 0.808388 0.876152 0.836476 0.851299 0.847299 0.846753 0.851244 0.839758 0.863056 0.820741 0.622851 0.583376 0.309628 0.414033 0 
0 0.408169 0.321125 0.575161 0.635242 0.807791 0.875502 0.83576 0.850657 0.84662 0.846073 0.850592 0.839077 0.862349 0.820192 0.621971 0.582856 0.309043 0.412876 0 
0 0.407047 0.320549 0.574627 0.63445 0.8072 0.874856 0.835051 0.850022 0.845947 0.845398 0.849945 0.838403 0.861646 0.819649 0.621098 0.582339 0.308466 0.411728 0 
0 0.405933 0.31998 0.574098 0.633666 0.806614 0.874216 0.834348 0.849392 0.84528 0.84473 0.849304 0.837734 0.86095 0.819111 0.620232 0.581825 0.307896 0.410589 0 
0 0.404828 0.319419 0.573571 0.632888 0.806034 0.873581 0.833651 0.848767 0.844618 0.844067 0.848669 0.837072 0.860258 0.818579 0.619374 0.581314 0.307333 0.409458 0 
0 0.403732 0.318865 0.573048 0.632117 0.80546 0.872951 0.83296 0.848148 0.843962 0.843411 0.848039 0.836416 0.859572 0.818051 0.618523 0.580806 0.306778 0.408336 0 
0 0.402643 0.318317 0.572529 0.631353 0.804891 0.872326 0.832276 0.847534 0.843312 0.842759 0.847414 0.835766 0.858891 0.817529 0.617679 0.580301 0.306229 0.407222 0 
0 0.401563 0.317777 0.572012 0.630595 0.804327 0.871706 0.831597 0.846926 0.842667 0.842114 0.846794 0.835121 0.858215 0.817011 0.616843 0.579798 0.305687 0.406117 0 
0 0.400491 0.317243 0.571499 0.629844 0.803769 0.871091 0.830924 0.846323 0.842027 0.841473 0.846179 0.834483 0.857545 0.816498 0.616013 0.579299 0.305152 0.40502 0 
0 0.399428 0.316715 0.570989 0.6291 0.803216 0.87048 0.830257 0.845725 0.841393 0.840839 0.84557 0.83385 0.856879 0.815991 0.61519 0.578802 0.304624 0.40393 0 
0 0.398372 0.316194 0.570481 0.628362 0.802668 0.869875 0.829596 0.845132 0.840764 0.840209 0.844965 0.833224 0.856219 0.815488 0.614375 0.578309 0.304103 0.40285 0 
0 0.397324 0.315679 0.569977 0.62763 0.802124 0.869274 0.828941 0.844544 0.840141 0.839585 0.844366 0.832602 0.855563 0.814989 0.613566 0.577817 0.303588 0.401776 0 
0 0.396284 0.315171 0.569476 0.626904 0.801586 0.868678 0.828291 0.84396 0.839522 0.838966 0.843771 0.831986 0.854912 0.814495 0.612763 0.577329 0.303079 0.400711 0 
0 0.395251 0.314669 0.568978 0.626185 0.801053 0.868087 0.827646 0.843382 0.838909 0.838352 0.843181 0.831376 0.854267 0.814006 0.611968 0.576843 0.302576 0.399654 0 
0 0.394226 0.314172 0.568483 0.625472 0.800524 0.8675 0.827007 0.842809 0.8383 0.837744 0.842596 0.830771 0.853625 0.813521 0.611179 0.57636 0.30208 0.398604 0 
0 0.393209 0.313682 0.567991 0.624765 0.800001 0.866918 0.826373 0.84224 0.837696 0.83714 0.842015 0.830172 0.852989 0.813041 0.610396 0.575879 0.30159 0.397562 0 
0 0.392199 0.313198 0.567501 0.624064 0.799482 0.86634 0.825745 0.841676 0.837098 0.836541 0.84144 0.829577 0.852357 0.812565 0.60962 0.575401 0.301105 0.396527 0 
0 0.391197 0.312719 0.567015 0.623369 0.798967 0.865767 0.825121 0.841117 0.836504 0.835948 0.840868 0.828988 0.85173 0.812093 0.608851 0.574925 0.300627 0.3955 0 
0 0.390201 0.312246 0.566531 0.62268 0.798457 0.865197 0.824503 0.840562 0.835914 0.835359 0.840301 0.828404 0.851107 0.811626 0.608087 0.574452 0.300154 0.39448 0 
0 0.389213 0.311779 0.56605 0.621996 0.797952 0.864632 0.82389 0.840012 0.83533 0.834774 0.839739 0.827825 0.850488 0.811162 0.60733 0.573981 0.299687 0.393468 0 
0 0.388232 0.311317 0.565571 0.621319 0.797451 0.864072 0.823282 0.839466 0.83475 0.834195 0.839181 0.827252 0.849875 0.810703 0.606579 0.573513 0.299226 0.392462 0 
0 0.387258 0.31086 0.565095 0.620647 0.796954 0.863515 0.822679 0.838925 0.834175 0.83362 0.838627 0.826683 0.849265 0.810247 0.605835 0.573047 0.29877 0.391464 0 
0 0.386291 0.310409 0.564622 0.61998 0.796462 0.862963 0.822081 0.838388 0.833604 0.83305 0.838077 0.826118 0.84866 0.809796 0.605096 0.572583 0.29832 0.390473 0 
0 0.385331 0.309963 0.564152 0.619319 0.795973 0.862415 0.821488 0.837855 0.833037 0.832484 0.837532 0.825559 0.848059 0.809349 0.604363 0.572121 0.297875 0.389489 0 
0 0.384377 0.309523 0.563684 0.618664 0.795489 0.86187 0.8209 0.837326 0.832475 0.831923 0.83699 0.825005 0.847462 0.808905 0.603636 0.571662 0.297435 0.388511 0 
0 0.38343 0.309087 0.563218 0.618014 0.79501 0.86133 0.820316 0.836802 0.831917 0.831366 0.836453 0.824455 0.846869 0.808465 0.602915 0.571205 0.297 0.38754 0 
0 0.38249 0.308657 0.562755 0.617369 0.794534 0.860794 0.819737 0.836281 0.831364 0.830814 0.83592 0.82391 0.846281 0.808029 0.6022 0.57075 0.296571 0.386577 0 
0 0.381557 0.308231 0.562294 0.61673 0.794062 0.860261 0.819163 0.835765 0.830815 0.830265 0.835391 0.823369 0.845697 0.807596 0.601491 0.570298 0.296146 0.385619 0 
0 0.38063 0.30781 0.561836 0.616096 0.793594 0.859733 0.818593 0.835252 0.83027 0.829722 0.834866 0.822833 0.845116 0.807168 0.600787 0.569847 0.295727 0.384669 0 
0 0.379709 0.307394 0.561381 0.615467 0.79313 0.859208 0.818027 0.834744 0.829729 0.829182 0.834344 0.822301 0.84454 0.806742 0.600089 0.569399 0.295312 0.383724 0 
0 0.378795 0.306983 0.560927 0.614844 0.79267 0.858687 0.817467 0.834239 0.829192 0.828647 0.833827 0.821774 0.843967 0.80632 0.599397 0.568953 0.294902 0.382787 0 
0 0.377887 0.306577 0.560476 0.614225 0.792214 0.858169 0.81691 0.833739 0.828659 0.828115 0.833313 0.821251 0.843399 0.805902 0.59871 0.568509 0.294497 0.381855 0 
0 0.376985 0.306175 0.560028 0.613612 0.791761 0.857656 0.816358 0.833242 0.828131 0.827588 0.832803 0.820733 0.842834 0.805487 0.598028 0.568067 0.294096 0.38093 0 
0 0.376089 0.305777 0.559581 0.613003 0.791312 0.857146 0.81581 0.832749 0.827606 0.827065 0.832296 0.820218 0.842273 0.805076 0.597352 0.567627 0.2937 0.380012 0 
0 0.375199 0.305384 0.559137 0.6124 0.790867 0.856639 0.815267 0.832259 0.827085 0.826546 0.831794 0.819708 0.841716 0.804667 0.596681 0.567188 0.293309 0.379099 0 
0 0.374316 0.304996 0.558695 0.611801 0.790426 0.856136 0.814727 0.831773 0.826568 0.826031 0.831295 0.819202 0.841163 0.804262 0.596015 0.566752 0.292922 0.378192 0 
0 0.373438 0.304612 0.558256 0.611207 0.789987 0.855637 0.814192 0.831291 0.826054 0.825519 0.830799 0.8187 0.840613 0.803861 0.595355 0.566318 0.292539 0.377292 0 
0 0.372566 0.304232 0.557818 0.610618 0.789553 0.855141 0.813661 0.830813 0.825545 0.825012 0.830307 0.818202 0.840067 0.803462 0.5947 0.565886 0.292161 0.376397 0 
0 0.371701 0.303856 0.557383 0.610033 0.789122 0.854648 0.813134 0.830338 0.825039 0.824508 0.829818 0.817709 0.839525 0.803067 0.59405 0.565456 0.291787 0.375509 0 
0 0.37084 0.303484 0.55695 0.609454 0.788694 0.854159 0.81261 0.829866 0.824537 0.824008 0.829333 0.817219 0.838986 0.802674 0.593405 0.565027 0.291417 0.374626 0 
0 0.369986 0.303117 0.556519 0.608879 0.78827 0.853673 0.812091 0.829398 0.824038 0.823512 0.828851 0.816733 0.83845 0.802285 0.592765 0.564601 0.291051 0.373749 0 
0 0.369137 0.302753 0.55609 0.608308 0.787849 0.853191 0.811576 0.828933 0.823543 0.823019 0.828373 0.816251 0.837918 0.801899 0.59213 0.564176 0.29069 0.372878 0 
0 0.368294 0.302394 0.555663 0.607742 0.787431 0.852711 0.811065 0.828472 0.823052 0.82253 0.827898 0.815773 0.83739 0.801515 0.5915 0.563754 0.290332 0.372013 0 
0 0.367456 0.302038 0.555238 0.607181 0.787016 0.852235 0.810557 0.828014 0.822564 0.822045 0.827426 0.815298 0.836865 0.801135 0.590875 0.563333 0.289978 0.371153 0 
0 0.366624 0.301686 0.554815 0.606624 0.786605 0.851763 0.810053 0.827559 0.82208 0.821563 0.826957 0.814827 0.836344 0.800757 0.590255 0.562913 0.289629 0.370298 0 
0 0.365797 0.301338 0.554394 0.606071 0.786197 0.851293 0.809553 0.827107 0.821598 0.821085 0.826492 0.81436 0.835825 0.800382 0.58964 0.562496 0.289283 0.36945 0 
0 0.364976 0.300994 0.553976 0.605523 0.785792 0.850826 0.809057 0.826659 0.821121 0.82061 0.826029 0.813897 0.835311 0.80001 0.589029 0.56208 0.28894 0.368606 0 
0 0.364159 0.300654 0.553559 0.604979 0.78539 0.850363 0.808564 0.826214 0.820647 0.820139 0.82557 0.813437 0.834799 0.799641 0.588423 0.561666 0.288602 0.367768 0 
0 0.363349 0.300317 0.553144 0.604439 0.784991 0.849903 0.808075 0.825772 0.820176 0.819671 0.825114 0.812981 0.834291 0.799275 0.587821 0.561254 0.288267 0.366936 0 
0 0.362543 0.299984 0.552731 0.603904 0.784595 0.849445 0.80759 0.825333 0.819708 0.819206 0.824661 0.812528 0.833786 0.798911 0.587225 0.560844 0.287936 0.366108 0 
0 0.361742 0.299654 0.55232 0.603372 0.784202 0.848991 0.807108 0.824897 0.819243 0.818745 0.824211 0.812079 0.833284 0.79855 0.586632 0.560435 0.287608 0.365286 0 
0 0.360947 0.299328 0.551911 0.602845 0.783812 0.84854 0.806629 0.824464 0.818782 0.818287 0.823763 0.811633 0.832785 0.798191 0.586045 0.560028 0.287284 0.364469 0 
0 0.360156 0.299005 0.551504 0.602322 0.783425 0.848092 0.806154 0.824034 0.818324 0.817832 0.823319 0.81119 0.832289 0.797835 0.585461 0.559622 0.286964 0.363658 0 
